1 9 501.55 3 2 7.5 3 1 1路
1 1328 88.08 2 2 7.5 3.5 1 1009路
9 20 205.09 3 2 7.5 3 1 1路
9 1318 73.32 4 1 3.5 3 0 1458路
9 941 247.68 4 1 3.5 3 0 1458路
20 50 52.76 3 2 7.5 3 1 5路
20 1336 262.79 3 2 7.5 3 1 342路
21 1299 312.13 2 2 7.5 3.5 1 3路
21 33 200.33 3 2 7.5 3 1 4路
21 4171 79.57 2 2 7.5 3.5 1 1008路
33 1010 336.45 3 2 7.5 3 1 580路
33 158 470.37 4 1 3.5 3 0 1087路
33 4171 190.91 3 2 7.5 3 1 1717路
34 20 59.48 3 2 7.5 3 1 5路
34 1318 203.12 3 2 7.5 3 1 337路
50 59 68.92 3 2 7.5 3 1 5路
50 1460 557.52 3 2 7.5 3 1 1133路
59 34 40.3 3 2 7.5 3 1 5路
59 4728 559.19 3 2 7.5 3 1 1135路
67 1 95.31 2 2 7.5 3.5 1 184路
67 946 143.65 2 2 7.5 3.5 1 628路
68 1234 388.47 4 1 3.5 3 0 15路
68 205 226.03 4 1 3.5 3 0 73路
68 5663 316.42 4 1 3.5 3 0 73路
71 74 200.96 4 1 3.5 3 0 17路
71 5429 259.89 3 2 7.5 3 1 1782路
71 92 66.88 3 2 7.5 3 1 1782路
74 80 262.01 4 1 3.5 3 0 17路
74 1921 264.36 4 1 3.5 3 0 484路
74 90 75.59 4 1 3.5 3 0 484路
80 82 127.81 4 1 3.5 3 0 17路
80 84 86.83 4 1 3.5 3 0 1543路
80 3526 227.8 4 1 3.5 3 0 1543路
82 1080 223.42 2 2 7.5 3.5 1 534路
82 83 92.76 2 2 7.5 3.5 1 1341路
83 84 133.94 4 1 3.5 3 0 20路
83 1499 210.99 2 2 7.5 3.5 1 1341路
83 82 92.76 2 2 7.5 3.5 1 1341路
84 90 261.2 4 1 3.5 3 0 20路
84 1496 231.58 4 1 3.5 3 0 1543路
84 80 86.83 4 1 3.5 3 0 1543路
90 92 206.1 4 1 3.5 3 0 20路
90 74 75.59 4 1 3.5 3 0 484路
90 1490 269.34 4 1 3.5 3 0 484路
92 71 66.88 3 2 7.5 3 1 1782路
92 1484 296.53 3 2 7.5 3 1 1782路
93 94 179.69 4 1 3.5 3 0 23路
93 2338 51.57 4 1 3.5 3 0 759路
94 93 179.69 4 1 3.5 3 0 23路
94 1590 12.05 3 2 7.5 3 1 420路
94 724 193.67 1 3 11.25 0 1 1311路
95 98 248.36 4 1 3.5 3 0 25路
95 4959 13.14 4 1 3.5 3 0 1281路
98 2868 482.52 3 2 7.5 3 1 1760路
98 112 624.2 4 1 3.5 3 0 25路
98 1593 518.1 3 2 7.5 3 1 1752路
98 4959 248.54 4 1 3.5 3 0 1180路
112 115 40.23 4 1 3.5 3 0 25路
112 1667 50.03 4 1 3.5 3 0 446路
115 3511 43.78 2 2 7.5 3.5 1 1637路
115 1667 50.44 4 1 3.5 3 0 1639路
115 2609 23.64 2 2 7.5 3.5 1 1653路
115 2615 28.46 4 1 3.5 3 0 1180路
115 1297 72.92 4 1 3.5 3 0 1657路
116 119 243.33 4 1 3.5 3 0 29路
116 1613 53.61 4 1 3.5 3 0 905路
116 4588 72.89 4 1 3.5 3 0 路
119 116 243.33 4 1 3.5 3 0 29路
119 120 15.34 4 1 3.5 3 0 29路
119 1372 402.09 4 1 3.5 3 0 961路
120 119 15.34 4 1 3.5 3 0 29路
120 126 442.97 4 1 3.5 3 0 29路
120 2881 94.06 4 1 3.5 3 0 731路
126 120 442.97 4 1 3.5 3 0 29路
126 2179 545.56 3 2 7.5 3 1 1710路
126 135 544.21 4 1 3.5 3 0 29路
126 6344 149.73 3 2 7.5 3 1 1717路
135 126 544.21 4 1 3.5 3 0 29路
135 140 325.48 4 1 3.5 3 0 29路
135 162 215.65 4 1 3.5 3 0 704路
135 2833 602.72 4 1 3.5 3 0 704路
140 135 325.48 4 1 3.5 3 0 29路
140 1116 430.56 4 1 3.5 3 0 29路
140 5666 602.09 4 1 3.5 3 0 1690路
140 6348 255.47 4 1 3.5 3 0 1690路
152 153 12.33 1 3 11.25 0 1 45路
152 1242 51.84 1 3 11.25 0 1 1314路
153 3539 263.98 2 2 7.5 3.5 1 1308路
153 5391 28.32 1 3 11.25 0 1 1566路
154 156 36.4 4 1 3.5 3 0 46路
154 727 305.99 4 1 3.5 3 0 484路
156 1308 46.85 3 2 7.5 3 1 1800路
156 725 327.95 3 2 7.5 3 1 1800路
157 158 213.22 4 1 3.5 3 0 47路
157 2551 335.71 2 2 7.5 3.5 1 628路
157 946 209.77 2 2 7.5 3.5 1 628路
158 157 213.22 4 1 3.5 3 0 47路
158 160 336.13 4 1 3.5 3 0 47路
158 33 470.37 4 1 3.5 3 0 1087路
158 4602 326.16 4 1 3.5 3 0 1087路
160 158 336.13 4 1 3.5 3 0 47路
160 161 261.41 4 1 3.5 3 0 47路
160 1608 326.3 4 1 3.5 3 0 1251路
160 1010 507.02 4 1 3.5 3 0 1251路
161 160 261.41 4 1 3.5 3 0 47路
161 162 10.67 4 1 3.5 3 0 47路
161 4699 537.23 1 3 11.25 0 1 1110路
162 161 10.67 4 1 3.5 3 0 47路
162 135 215.65 4 1 3.5 3 0 47路
162 6348 327.56 1 3 11.25 0 1 1569路
168 4686 239.71 1 3 11.25 0 1 1110路
169 1240 35.57 1 3 11.25 0 1 1569路
175 176 10.6 4 1 3.5 3 0 62路
175 205 392.9 1 3 11.25 0 1 1110路
176 175 10.6 4 1 3.5 3 0 62路
176 1054 323.24 4 1 3.5 3 0 62路
176 6385 797.24 1 3 11.25 0 1 1569路
189 191 149.1 4 1 3.5 3 0 67路
189 1614 7.17 1 3 11.25 0 1 965路
189 2304 1238.25 1 3 11.25 0 1 1811路
191 189 149.1 4 1 3.5 3 0 67路
191 1098 319.3 3 2 7.5 3 1 269路
191 968 132.02 3 2 7.5 3 1 582路
193 195 47.6 1 3 11.25 0 1 69路
193 2393 86.73 4 2 7 3 0 718路
195 938 99.28 4 1 3.5 3 0 264路
195 4516 148.89 1 3 11.25 0 1 1011路
197 940 86.68 4 1 3.5 3 0 71路
197 4516 66.28 4 1 3.5 3 0 1056路
197 4520 128.65 4 1 3.5 3 0 1060路
198 204 326.08 4 1 3.5 3 0 73路
198 454 453.64 4 1 3.5 3 0 277路
198 1054 388.26 4 1 3.5 3 0 277路
204 198 326.08 4 1 3.5 3 0 73路
204 205 10.81 4 1 3.5 3 0 73路
204 176 394.11 1 3 11.25 0 1 1569路
205 204 10.81 4 1 3.5 3 0 73路
205 68 226.03 4 1 3.5 3 0 73路
205 1239 381.22 1 3 11.25 0 1 1110路
209 3762 2301.39 4 1 3.5 3 0 81路
209 1405 1741 3 2 7.5 3 1 877路
209 841 754.82 4 1 3.5 3 0 路
216 218 541.68 4 1 3.5 3 0 83路
216 5666 354.74 4 1 3.5 3 0 602路
216 5736 423.75 4 1 3.5 3 0 1484路
216 2836 274.53 4 1 3.5 3 0 1484路
218 216 541.68 4 1 3.5 3 0 83路
218 222 395.47 4 1 3.5 3 0 83路
218 2836 709.01 4 1 3.5 3 0 1770路
218 5739 387.72 4 1 3.5 3 0 1770路
222 218 395.47 4 1 3.5 3 0 83路
222 1439 511.72 2 2 7.5 3.5 1 369路
222 1961 267.15 2 2 7.5 3.5 1 499路
224 2389 288.47 3 2 7.5 3 1 1710路
224 227 208.94 4 1 3.5 3 0 89路
224 2179 356.48 3 2 7.5 3 1 1612路
227 224 208.94 4 1 3.5 3 0 89路
227 233 172.61 4 1 3.5 3 0 89路
227 2836 349.53 4 1 3.5 3 0 1484路
233 227 172.61 4 1 3.5 3 0 89路
233 2179 226.2 4 1 3.5 3 0 1684路
233 2833 322.84 4 1 3.5 3 0 1684路
262 2514 472.06 4 1 3.5 3 0 97路
262 4843 806.56 4 1 3.5 3 0 169路
262 3926 403.5 4 1 3.5 3 0 918路
263 1417 384.18 2 2 7.5 3.5 1 440路
263 294 558.48 4 1 3.5 3 0 99路
263 432 46.06 2 2 7.5 3.5 1 1045路
272 2138 451.38 4 1 3.5 3 0 103路
272 1643 399.89 4 1 3.5 3 0 677路
272 2781 500.68 4 1 3.5 3 0 677路
274 1130 500.29 4 1 3.5 3 0 105路
274 303 554.44 4 1 3.5 3 0 1234路
274 716 670.08 4 1 3.5 3 0 1234路
288 294 123.83 4 1 3.5 3 0 107路
288 1130 158.15 4 1 3.5 3 0 846路
288 2132 170.94 4 1 3.5 3 0 846路
294 288 123.83 4 1 3.5 3 0 107路
294 263 558.48 4 1 3.5 3 0 107路
294 2132 135.89 4 1 3.5 3 0 543路
303 309 515.25 4 1 3.5 3 0 111路
303 2781 74.95 4 1 3.5 3 0 1234路
303 274 554.44 4 1 3.5 3 0 1234路
309 303 515.25 4 1 3.5 3 0 111路
309 331 1046.14 4 1 3.5 3 0 113路
309 646 772.01 4 1 3.5 3 0 529路
331 2717 1972.39 4 1 3.5 3 0 113路
331 2816 368.35 2 2 7.5 3.5 1 683路
331 309 1046.14 4 1 3.5 3 0 113路
331 628 724.7 2 2 7.5 3.5 1 1321路
412 1668 1514.56 4 1 3.5 3 0 121路
412 431 765.36 4 1 3.5 3 0 121路
412 2686 1262.89 4 1 3.5 3 0 1191路
412 466 1489.45 4 1 3.5 3 0 路
431 412 765.36 4 1 3.5 3 0 121路
431 2717 1054.47 3 2 7.5 3 1 1462路
431 949 152.01 3 2 7.5 3 1 1462路
432 1650 285.27 2 2 7.5 3.5 1 1045路
432 452 1028.73 4 1 3.5 3 0 125路
432 263 46.03 2 2 7.5 3.5 1 440路
452 1345 193.96 4 1 3.5 3 0 131路
452 432 1028.73 4 1 3.5 3 0 449路
452 1668 468.45 4 1 3.5 3 0 449路
454 458 600.77 4 1 3.5 3 0 133路
454 1116 247.42 4 1 3.5 3 0 277路
454 198 453.64 4 1 3.5 3 0 277路
454 1240 345.9 4 2 3.5 3 0 58路
458 454 600.77 4 1 3.5 3 0 133路
458 462 499.08 4 1 3.5 3 0 133路
458 5726 248.68 4 1 3.5 3 0 1698路
458 6286 1005.89 4 1 3.5 3 0 1698路
462 458 499.08 4 1 3.5 3 0 133路
462 464 84.23 4 1 3.5 3 0 133路
462 5736 424.86 4 1 3.5 3 0 1484路
464 462 84.23 4 1 3.5 3 0 133路
464 3089 319.19 2 2 7.5 3.5 1 765路
464 3289 487.64 2 2 7.5 3.5 1 793路
466 3298 427.98 4 1 3.5 3 0 141路
466 1708 122.83 4 1 3.5 3 0 453路
466 3289 1062.94 4 1 3.5 3 0 453路
466 412 1489.45 4 1 3.5 3 0 路
515 1878 2231.94 4 1 3.5 3 0 145路
515 1541 669.65 2 2 7.5 3.5 1 1243路
516 522 115.62 4 1 3.5 3 0 147路
516 2599 41.71 4 1 3.5 3 0 1067路
522 516 115.62 4 1 3.5 3 0 147路
522 2885 411.49 2 2 7.5 3.5 1 1653路
522 2610 190.96 2 2 7.5 3.5 1 734路
524 1889 181.36 3 2 7.5 3 1 477路
524 5551 864.05 4 1 3.5 3 0 1495路
524 537 481.4 4 1 3.5 3 0 151路
524 1500 221.75 3 2 7.5 3 1 1098路
537 524 481.4 4 1 3.5 3 0 151路
537 1170 61.02 4 1 3.5 3 0 301路
537 1506 87.76 4 1 3.5 3 0 1682路
545 4139 1210.69 4 1 3.5 3 0 155路
545 995 148.25 4 1 3.5 3 0 230路
545 1008 309.93 4 1 3.5 3 0 230路
546 551 429.87 4 1 3.5 3 0 157路
546 4636 401.75 2 2 7.5 3.5 1 1104路
546 4070 822.82 2 2 7.5 3.5 1 1104路
551 546 429.87 4 1 3.5 3 0 157路
551 567 1462.54 4 1 3.5 3 0 157路
551 4138 936.11 4 1 3.5 3 0 979路
567 551 1462.54 4 1 3.5 3 0 157路
567 3898 1463.86 2 2 7.5 3.5 1 1018路
567 3413 1067.77 2 2 7.5 3.5 1 1222路
569 576 317.61 4 1 3.5 3 0 163路
569 3173 351.31 4 1 3.5 3 0 780路
569 3194 313.38 4 1 3.5 3 0 780路
576 569 317.61 4 1 3.5 3 0 163路
576 581 323.47 4 1 3.5 3 0 163路
576 2375 282.58 4 1 3.5 3 0 583路
581 576 323.47 4 1 3.5 3 0 163路
581 582 269.75 1 3 11.25 0 1 无名路
581 6085 1610.63 1 3 11.25 0 1 无名路
582 588 331.25 2 2 7.5 3.5 1 167路
582 927 80.78 2 2 7.5 3.5 1 214路
582 581 269.75 1 3 11.25 0 1 无名路
588 589 14.68 2 2 7.5 3.5 1 167路
588 2375 45.99 4 1 3.5 3 0 947路
589 3577 27.13 1 3 11.25 0 1 无名路
609 1178 208.02 3 2 7.5 3 1 1422路
609 2800 2079 4 1 3.5 3 0 171路
609 655 438.32 3 2 7.5 3 1 771路
628 331 724.3 2 2 7.5 3.5 1 683路
628 646 1126.66 2 2 7.5 3.5 1 175路
628 2800 433.84 2 2 7.5 3.5 1 1321路
646 655 939.13 2 2 7.5 3.5 1 175路
646 309 772.01 4 1 3.5 3 0 297路
646 628 1127.59 2 2 7.5 3.5 1 1170路
655 2502 903.32 3 2 7.5 3 1 771路
655 4843 461.62 2 2 7.5 3.5 1 1164路
655 646 938.64 2 2 7.5 3.5 1 1170路
655 609 437.94 3 2 7.5 3 1 1422路
657 3898 418.21 2 2 7.5 3.5 1 1222路
657 683 1328.51 3 2 7.5 3 1 179路
657 4391 1774.69 4 1 3.5 3 0 1027路
683 2325 773.04 3 2 7.5 3 1 179路
683 4138 832.61 4 1 3.5 3 0 1037路
683 657 1334.2 3 2 7.5 3 1 1029路
683 4434 937.86 4 1 3.5 3 0 1037路
716 274 670.08 4 1 3.5 3 0 182路
716 2474 205.29 3 2 7.5 3 1 1504路
716 2502 647.93 3 2 7.5 3 1 1422路
716 4805 391.16 4 1 3.5 3 0 1502路
719 724 213.56 4 1 3.5 3 0 185路
719 2337 35.51 4 1 3.5 3 0 573路
724 719 213.56 4 1 3.5 3 0 185路
724 153 59.29 1 3 11.25 0 1 1311路
725 727 123.88 4 1 3.5 3 0 187路
725 5429 74.81 3 2 7.5 3 1 1782路
725 156 327.95 3 2 7.5 3 1 1800路
727 729 219.49 4 1 3.5 3 0 187路
727 154 305.99 4 1 3.5 3 0 484路
727 1921 69.12 4 1 3.5 3 0 484路
729 730 116.38 4 1 3.5 3 0 187路
729 5426 66.45 4 1 3.5 3 0 1543路
729 3523 165.91 4 1 3.5 3 0 1543路
730 731 117.7 4 1 3.5 3 0 187路
730 925 146.08 3 2 7.5 3 1 473路
730 1885 65.98 3 2 7.5 3 1 475路
731 733 209.97 4 1 3.5 3 0 187路
731 5395 65.59 4 1 3.5 3 0 1360路
733 2304 270.51 4 1 3.5 3 0 1262路
733 3538 67.2 4 1 3.5 3 0 1263路
733 1098 953.5 4 1 3.5 3 0 1384路
736 83 160.57 4 1 3.5 3 0 192路
736 4149 210.08 4 1 3.5 3 0 1267路
738 739 13.69 4 1 3.5 3 0 194路
739 738 13.69 4 1 3.5 3 0 194路
739 839 4227.79 4 1 3.5 3 0 194路
739 3809 815.92 1 3 11.25 0 1 无名路
839 739 4227.79 4 1 3.5 3 0 194路
839 840 15.26 4 1 3.5 3 0 194路
839 3980 154.6 1 3 11.25 0 1 无名路
840 839 15.26 4 1 3.5 3 0 194路
840 3808 235.84 1 3 11.25 0 1 1213路
841 2981 651.48 2 2 7.5 3.5 1 无名路
841 862 958.77 2 2 7.5 3.5 1 200路
841 6214 695.29 2 2 7.5 3.5 1 无名路
841 209 754.82 4 1 3.5 3 0 路
862 841 958.77 2 2 7.5 3.5 1 200路
862 5018 1752.45 1 3 11.25 0 1 1203路
862 1148 1925.05 4 1 3.5 3 0 路
886 890 4894.9 4 1 3.5 3 0 204路
886 2025 52.4 4 1 3.5 3 0 513路
890 886 4894.9 4 1 3.5 3 0 206路
890 891 9.74 4 1 3.5 3 0 206路
891 890 9.74 4 1 3.5 3 0 206路
891 2070 585.91 4 1 3.5 3 0 520路
892 894 70.09 2 2 7.5 3.5 1 210路
892 1410 14.94 3 2 7.5 3 1 1666路
894 906 443.93 2 2 7.5 3.5 1 210路
906 1410 521.12 2 2 7.5 3.5 1 861路
906 4636 107.97 2 2 7.5 3.5 1 1104路
907 918 125.72 3 2 7.5 3 1 无名路
918 925 141.85 3 2 7.5 3 1 无名路
918 731 230.41 4 1 3.5 3 0 585路
925 730 146.61 3 2 7.5 3 1 1201路
925 3525 141.67 3 2 7.5 3 1 无名路
927 582 80.78 2 2 7.5 3.5 1 214路
927 1308 1177.25 3 2 7.5 3 1 1780路
936 3826 1194.82 3 2 7.5 3 1 901路
936 3173 467.13 2 2 7.5 3.5 1 1294路
936 978 770.98 2 2 7.5 3.5 1 1280路
938 940 71.37 4 1 3.5 3 0 218路
938 1405 408.82 4 1 3.5 3 0 363路
940 197 86.68 4 1 3.5 3 0 361路
940 938 71.33 4 1 3.5 3 0 218路
941 946 413.45 4 1 3.5 3 0 219路
941 9 247.68 4 1 3.5 3 0 1004路
941 2427 365.63 4 1 3.5 3 0 1004路
946 941 413.45 4 1 3.5 3 0 219路
946 157 209.77 2 2 7.5 3.5 1 628路
946 67 143.65 2 2 7.5 3.5 1 628路
949 2683 342.26 4 1 3.5 3 0 222路
949 431 152.01 3 2 7.5 3 1 1462路
949 3348 205.4 3 2 7.5 3 1 1462路
952 1396 387.34 2 2 7.5 3.5 1 224路
952 977 200.88 4 2 7 3 0 229路
955 1110 143.06 3 2 7.5 3 1 273路
955 959 163.54 3 2 7.5 3 1 225路
955 1112 330.33 4 1 3.5 3 0 1512路
959 50 261.46 3 2 7.5 3 1 225路
959 1336 19.97 4 1 3.5 3 0 340路
966 968 22.97 1 3 11.25 0 1 228路
966 4050 35.9 1 3 11.25 0 1 无名路
968 4050 25.15 3 2 7.5 3 1 967路
968 1084 10.63 1 3 11.25 0 1 998路
977 1033 150.03 1 3 11.25 0 1 247路
978 4552 247.28 2 2 7.5 3.5 1 1079路
978 990 319.64 4 1 3.5 3 0 230路
978 936 776.98 2 2 7.5 3.5 1 1075路
990 978 319.64 4 1 3.5 3 0 230路
990 4552 217.97 3 2 7.5 3 1 1095路
990 995 141.99 4 1 3.5 3 0 230路
990 1500 998.22 3 2 7.5 3 1 1590路
995 990 141.99 4 1 3.5 3 0 230路
995 545 148.25 4 1 3.5 3 0 230路
995 5551 1214.86 4 1 3.5 3 0 1329路
1008 545 309.93 4 1 3.5 3 0 230路
1008 4585 281.64 2 2 7.5 3.5 1 1597路
1008 4098 433.08 2 2 7.5 3.5 1 1593路
1010 1016 486.85 4 1 3.5 3 0 244路
1010 4700 261.99 3 2 7.5 3 1 1710路
1010 160 507.02 4 1 3.5 3 0 1251路
1010 33 337 3 2 7.5 3 1 1717路
1016 1019 220.96 4 1 3.5 3 0 244路
1016 1599 264.59 4 1 3.5 3 0 426路
1016 1601 237.95 4 1 3.5 3 0 426路
1019 1025 520.54 4 1 3.5 3 0 244路
1019 2857 236.42 4 1 3.5 3 0 720路
1019 4587 261.62 4 1 3.5 3 0 720路
1025 2349 222.11 4 1 3.5 3 0 992路
1025 4149 211.38 4 1 3.5 3 0 994路
1025 4715 263.66 4 1 3.5 3 0 1358路
1027 977 114.82 1 3 11.25 0 1 247路
1027 3016 204.44 4 2 7 3 0 837路
1033 3260 79.66 2 2 7.5 3.5 1 951路
1033 4647 77.52 1 3 11.25 0 1 1110路
1037 3826 741.5 4 1 3.5 3 0 250路
1037 2109 68.4 4 1 3.5 3 0 1188路
1038 1047 230.83 1 3 11.25 0 1 252路
1047 2311 8.95 1 3 11.25 0 1 593路
1048 1038 733.29 1 2 7.5 0 1 无名路
1050 1668 582.38 4 1 3.5 3 0 254路
1050 3089 195.41 2 2 7.5 3.5 1 793路
1054 176 323.24 4 1 3.5 3 0 257路
1054 1067 736.11 4 1 3.5 3 0 257路
1054 198 388.26 4 1 3.5 3 0 277路
1054 3048 830.1 4 1 3.5 3 0 路
1067 1054 736.11 4 1 3.5 3 0 257路
1067 6286 24.63 4 1 3.5 3 0 1537路
1068 1071 184.19 4 1 3.5 3 0 263路
1068 2516 210.89 3 2 7.5 3 1 802路
1068 3344 246.87 3 2 7.5 3 1 806路
1071 1461 217.9 4 1 3.5 3 0 383路
1071 1475 221.12 4 1 3.5 3 0 383路
1080 1081 117.67 2 2 7.5 3.5 1 266路
1080 3526 115.97 4 1 3.5 3 0 525路
1080 1885 79.95 3 2 7.5 3 1 1338路
1080 82 223.42 2 2 7.5 3.5 1 534路
1081 3539 210.23 2 2 7.5 3.5 1 266路
1081 736 326.76 4 1 3.5 3 0 1267路
1081 1080 120.6 2 2 7.5 3.5 1 1308路
1084 1048 176.04 1 3 11.25 0 1 268路
1084 927 264.49 2 2 7.5 3.5 1 581路
1098 191 319.3 3 2 7.5 3 1 269路
1098 1109 590.44 3 2 7.5 3 1 269路
1098 733 953.5 4 1 3.5 3 0 1627路
1109 1098 590.44 3 2 7.5 3 1 269路
1109 907 70 3 2 7.5 3 1 351路
1110 955 143.06 3 2 7.5 3 1 273路
1110 1134 354.17 4 1 3.5 3 0 408路
1110 2427 335.38 3 2 7.5 3 1 1516路
1112 1113 24.92 4 1 3.5 3 0 275路
1112 955 330.33 4 1 3.5 3 0 1512路
1113 1445 189.69 4 1 3.5 3 0 275路
1113 1132 11.59 4 1 3.5 3 0 289路
1113 1134 91.1 4 1 3.5 3 0 289路
1116 140 430.56 4 1 3.5 3 0 277路
1116 5726 600.67 3 2 7.5 3 1 1397路
1116 454 247.42 4 1 3.5 3 0 277路
1116 5883 310.65 3 2 7.5 3 1 1437路
1130 274 500.29 4 1 3.5 3 0 287路
1130 2486 296.7 4 1 3.5 3 0 846路
1130 288 158.15 4 1 3.5 3 0 846路
1132 1113 11.59 4 1 3.5 3 0 289路
1132 1112 25.41 4 1 3.5 3 0 621路
1134 1113 91.1 4 1 3.5 3 0 289路
1134 1184 878.87 4 1 3.5 3 0 289路
1134 1110 354.17 4 1 3.5 3 0 408路
1148 1156 263.04 4 1 3.5 3 0 295路
1148 4763 809.22 3 2 7.5 3 1 1462路
1148 3048 1490.18 3 2 7.5 3 1 1462路
1148 862 1925.05 4 1 3.5 3 0 路
1156 1148 263.04 4 1 3.5 3 0 295路
1156 1708 862.09 4 1 3.5 3 0 651路
1156 1731 1032.62 4 1 3.5 3 0 651路
1170 537 61.02 4 1 3.5 3 0 301路
1170 1506 80.42 4 1 3.5 3 0 398路
1170 3834 374.07 4 1 3.5 3 0 1174路
1178 1182 841.85 4 1 3.5 3 0 303路
1178 609 207.62 3 2 7.5 3 1 771路
1178 1251 412.96 3 2 7.5 3 1 1422路
1182 1178 841.85 4 1 3.5 3 0 307路
1182 1251 443.74 4 1 3.5 3 0 322路
1182 1291 192.82 4 1 3.5 3 0 328路
1184 2083 359.72 3 2 7.5 3 1 599路
1184 1134 878.87 4 1 3.5 3 0 986路
1184 2168 175.02 3 2 7.5 3 1 626路
1223 3033 440.23 1 3 11.25 0 1 313路
1223 2126 188.84 3 2 7.5 3 1 568路
1227 1229 104.55 1 3 11.25 0 1 314路
1227 152 28.5 1 3 11.25 0 1 1314路
1229 2383 139.27 1 3 11.25 0 1 1249路
1229 1241 36.1 4 1 3.5 3 0 路
1230 1232 39.07 1 3 11.25 0 1 315路
1230 2059 327.14 1 2 7.5 0 1 1290路
1232 1233 42.76 1 3 11.25 0 1 315路
1232 1882 12.1 4 1 3.5 3 0 472路
1233 1241 162.86 1 4 15 0 1 586路
1234 1239 248.87 4 1 3.5 3 0 317路
1234 1602 272.27 4 1 3.5 3 0 1386路
1234 68 388.47 4 1 3.5 3 0 1523路
1239 1234 248.87 4 1 3.5 3 0 317路
1239 1240 10.64 4 1 3.5 3 0 317路
1239 168 35.67 1 3 11.25 0 1 1110路
1240 1239 10.64 4 1 3.5 3 0 317路
1240 204 380.47 1 3 11.25 0 1 1569路
1240 454 345.9 4 2 3.5 3 0 58路
1241 152 77.68 1 4 15 0 1 586路
1241 1242 93.47 4 1 3.5 3 0 路
1242 1590 201.17 1 3 11.25 0 1 1314路
1242 724 14.34 4 1 3.5 3 0 路
1251 1182 443.74 4 1 3.5 3 0 322路
1251 1178 412.87 3 2 7.5 3 1 771路
1251 1289 1400.81 4 1 3.5 3 0 322路
1251 3117 212.19 3 2 7.5 3 1 1422路
1289 1251 1400.81 4 1 3.5 3 0 322路
1289 3349 601.05 1 3 11.25 0 1 1815路
1291 1182 192.82 4 1 3.5 3 0 328路
1292 1297 147.29 4 1 3.5 3 0 330路
1292 115 92.4 2 2 7.5 3.5 1 1377路
1297 4527 133.05 4 1 3.5 3 0 1657路
1299 1303 265.46 4 1 3.5 3 0 332路
1299 21 311.3 2 2 7.5 3.5 1 1341路
1299 1598 228.1 2 2 7.5 3.5 1 1341路
1303 1299 265.46 4 1 3.5 3 0 332路
1303 1734 434.51 4 1 3.5 3 0 332路
1303 1496 907.67 4 1 3.5 3 0 437路
1308 154 52.8 4 1 3.5 3 0 336路
1308 927 1177.25 3 2 7.5 3 1 1800路
1308 156 46.85 3 2 7.5 3 1 1800路
1318 1328 508.64 3 2 7.5 3 1 337路
1318 1734 576.02 4 2 7 3 0 467路
1318 9 73.32 4 1 3.5 3 0 1458路
1328 21 37.26 2 2 7.5 3.5 1 1009路
1329 95 77.85 4 1 3.5 3 0 339路
1329 3319 8.38 1 2 7.5 0 1 800路
1329 3872 14.04 1 2 7.5 0 1 1278路
1336 959 19.97 4 1 3.5 3 0 340路
1336 955 162.67 3 2 7.5 3 1 342路
1345 452 193.96 4 1 3.5 3 0 349路
1345 1050 209.14 2 2 7.5 3.5 1 1746路
1351 1109 79.32 3 2 7.5 3 1 352路
1351 907 80.3 3 2 7.5 3 1 无名路
1355 2840 242.38 4 2 7 3 0 353路
1359 1365 72.95 3 2 7.5 3 1 354路
1359 5498 60.45 1 3 11.25 0 1 1326路
1365 2868 230.54 3 2 7.5 3 1 367路
1365 5498 71.29 3 2 7.5 3 1 1319路
1366 1368 13.21 4 1 3.5 3 0 无名路
1368 1372 25.05 4 1 3.5 3 0 无名路
1368 120 393.66 4 1 3.5 3 0 731路
1372 1376 22.45 4 1 3.5 3 0 无名路
1376 2176 47.17 4 1 3.5 3 0 559路
1376 2178 25.32 4 1 3.5 3 0 无名路
1377 1355 205.46 1 3 11.25 0 1 358路
1377 1519 181.4 3 2 7.5 3 1 403路
1380 1384 39.23 4 1 3.5 3 0 359路
1380 892 44.1 2 2 7.5 3.5 1 1731路
1384 2840 230.14 3 2 7.5 3 1 1665路
1385 1396 227.08 4 2 7 3 0 360路
1385 2900 129.55 1 3 11.25 0 1 1374路
1396 6181 1137.43 2 2 7.5 3.5 1 无名路
1405 938 408.82 4 1 3.5 3 0 363路
1405 209 1741 3 2 7.5 3 1 877路
1405 3751 267.73 3 2 7.5 3 1 883路
1410 1384 41.17 4 1 3.5 3 0 366路
1410 1519 58.34 2 2 7.5 3.5 1 604路
1410 3033 183 3 2 7.5 3 1 1666路
1417 1418 39.41 2 2 7.5 3.5 1 369路
1417 1953 252.38 4 1 3.5 3 0 1190路
1418 1419 37.71 2 2 7.5 3.5 1 369路
1419 1420 147.3 2 2 7.5 3.5 1 369路
1419 2017 222.92 2 2 7.5 3.5 1 1740路
1420 1424 474.22 2 2 7.5 3.5 1 369路
1424 5739 441.1 3 2 7.5 3 1 1437路
1424 222 387.18 2 2 7.5 3.5 1 369路
1424 5747 119.67 3 2 7.5 3 1 1397路
1424 1969 474.52 2 2 7.5 3.5 1 499路
1439 224 359.25 3 2 7.5 3 1 1612路
1439 2392 58.45 2 2 7.5 3.5 1 1377路
1439 2862 626.67 3 2 7.5 3 1 726路
1439 222 514.16 2 2 7.5 3.5 1 499路
1441 1443 66.05 4 1 3.5 3 0 377路
1441 1067 56.74 4 1 3.5 3 0 1537路
1443 1441 66.05 4 1 3.5 3 0 377路
1443 464 1140.59 2 2 7.5 3.5 1 765路
1443 3298 80.47 2 2 7.5 3.5 1 793路
1445 1457 319.67 4 1 3.5 3 0 381路
1445 1461 12.52 4 1 3.5 3 0 383路
1445 2516 236.04 4 1 3.5 3 0 1455路
1457 1476 267.95 4 1 3.5 3 0 389路
1457 2168 738.7 4 1 3.5 3 0 553路
1460 1475 126.9 3 2 7.5 3 1 549路
1460 2149 66.26 4 1 3.5 3 0 551路
1461 1445 12.52 4 1 3.5 3 0 383路
1461 1071 217.9 4 1 3.5 3 0 383路
1461 1132 191.03 4 1 3.5 3 0 617路
1475 1071 221.12 4 1 3.5 3 0 383路
1475 1460 126.9 3 2 7.5 3 1 549路
1475 1068 413.22 3 2 7.5 3 1 557路
1476 1457 267.95 4 1 3.5 3 0 389路
1476 2168 1064.57 3 2 7.5 3 1 636路
1476 2516 205.14 3 2 7.5 3 1 636路
1484 1490 198.44 4 1 3.5 3 0 391路
1484 92 296.53 3 2 7.5 3 1 1782路
1484 4590 248.02 3 2 7.5 3 1 1782路
1490 1496 259.87 4 1 3.5 3 0 391路
1490 90 269.34 4 1 3.5 3 0 484路
1490 1933 264.53 4 1 3.5 3 0 484路
1496 1499 148.07 4 1 3.5 3 0 391路
1496 1303 907.67 4 1 3.5 3 0 1543路
1496 84 231.58 4 1 3.5 3 0 1543路
1499 4149 187.49 4 1 3.5 3 0 994路
1499 2855 493.16 2 2 7.5 3.5 1 1341路
1499 83 210.99 2 2 7.5 3.5 1 1341路
1500 524 226.34 3 2 7.5 3 1 981路
1500 1506 439.97 4 1 3.5 3 0 394路
1500 990 999.26 3 2 7.5 3 1 1098路
1506 1500 439.97 4 1 3.5 3 0 394路
1506 1170 80.42 4 1 3.5 3 0 398路
1506 537 87.76 4 1 3.5 3 0 1682路
1519 3951 429.26 2 2 7.5 3.5 1 604路
1520 1521 736.72 1 1 3.75 0 1 无名路
1520 2022 200.26 1 3 11.25 0 1 523路
1521 1520 736.72 1 1 3.75 0 1 无名路
1521 1524 173.25 1 3 11.25 0 1 406路
1524 1521 173.25 1 3 11.25 0 1 406路
1524 4036 41.27 1 3 11.25 0 1 1034路
1541 2683 1285.67 4 1 3.5 3 0 410路
1541 2626 697.05 2 2 7.5 3.5 1 1243路
1541 515 670.24 2 2 7.5 3.5 1 648路
1572 2017 315.8 2 2 7.5 3.5 1 无名路
1573 7097 92.08 4 1 3.5 3 0 417路
1573 3172 126.04 2 2 7.5 3.5 1 无名路
1588 1572 220.99 4 1 3.5 3 0 419路
1588 4461 307.87 2 2 7.5 3.5 1 499路
1590 94 12.05 3 2 7.5 3 1 420路
1590 1593 278.59 3 2 7.5 3 1 420路
1590 2883 200.37 1 3 11.25 0 1 1314路
1593 1590 278.59 3 2 7.5 3 1 420路
1593 98 517.83 3 2 7.5 3 1 420路
1593 1882 255.55 4 1 3.5 3 0 1629路
1593 2885 348.61 4 1 3.5 3 0 1629路
1598 1599 224.51 4 1 3.5 3 0 426路
1598 1299 228.1 2 2 7.5 3.5 1 1341路
1598 2855 223.48 2 2 7.5 3.5 1 1341路
1599 1598 224.51 4 1 3.5 3 0 426路
1599 1016 264.59 4 1 3.5 3 0 426路
1599 33 557.57 4 1 3.5 3 0 1267路
1601 1016 237.95 4 1 3.5 3 0 426路
1601 4708 25.36 4 1 3.5 3 0 1525路
1602 1608 478.85 4 1 3.5 3 0 432路
1602 4687 265.51 3 2 7.5 3 1 1397路
1602 1234 272.27 4 1 3.5 3 0 1386路
1602 2071 335.35 3 2 7.5 3 1 1437路
1608 1602 478.85 4 1 3.5 3 0 432路
1608 160 326.3 4 1 3.5 3 0 1251路
1608 4689 262.26 4 1 3.5 3 0 1690路
1608 4602 333.85 4 1 3.5 3 0 1706路
1609 1613 287.19 4 1 3.5 3 0 434路
1609 6333 85.49 4 1 3.5 3 0 1807路
1609 2885 202.95 4 1 3.5 3 0 1809路
1613 1609 287.19 4 1 3.5 3 0 434路
1613 116 53.61 4 1 3.5 3 0 905路
1613 4524 408.36 4 1 3.5 3 0 1069路
1614 1618 103.28 1 3 11.25 0 1 436路
1614 189 7.17 1 3 11.25 0 1 965路
1618 966 20.18 1 3 11.25 0 1 无名路
1624 2126 42.39 3 2 7.5 3 1 1760路
1643 1650 335.42 2 2 7.5 3.5 1 440路
1643 272 399.89 4 1 3.5 3 0 677路
1643 2817 895.61 2 2 7.5 3.5 1 1045路
1650 432 284.91 2 2 7.5 3.5 1 440路
1650 2138 230.32 4 1 3.5 3 0 671路
1650 1643 335.17 2 2 7.5 3.5 1 1045路
1667 3511 55.31 4 1 3.5 3 0 855路
1667 115 50.44 4 1 3.5 3 0 1639路
1667 2862 506.56 4 1 3.5 3 0 1639路
1668 452 468.45 4 1 3.5 3 0 447路
1668 1050 582.38 4 1 3.5 3 0 999路
1668 412 1514.56 4 1 3.5 3 0 999路
1668 3089 761.82 4 1 3.5 3 0 路
1708 1156 862.09 4 1 3.5 3 0 453路
1708 466 122.83 4 1 3.5 3 0 453路
1708 4763 1184.29 4 1 3.5 3 0 933路
1731 1156 1032.62 4 1 3.5 3 0 461路
1731 3048 239.72 2 2 7.5 3.5 1 793路
1731 1443 883.65 2 2 7.5 3.5 1 765路
1734 1318 576.02 4 2 7 3 0 467路
1734 1303 434.51 4 1 3.5 3 0 1661路
1734 4728 181.28 4 1 3.5 3 0 1661路
1877 2018 130.4 1 3 11.25 0 1 591路
1878 3348 463.35 4 1 3.5 3 0 470路
1878 2683 241.93 4 1 3.5 3 0 1195路
1878 515 2231.94 4 1 3.5 3 0 1195路
1882 1593 255.55 4 1 3.5 3 0 1629路
1885 730 65.98 3 2 7.5 3 1 475路
1885 5426 117.18 4 1 3.5 3 0 1274路
1885 1080 79.95 3 2 7.5 3 1 1338路
1889 1892 102.47 3 2 7.5 3 1 477路
1889 2125 318.78 4 1 3.5 3 0 642路
1892 3474 39.36 3 2 7.5 3 1 477路
1892 1910 53.21 4 1 3.5 3 0 482路
1910 3030 169.16 3 2 7.5 3 1 943路
1913 1359 365.94 1 3 11.25 0 1 1326路
1921 727 69.12 4 1 3.5 3 0 484路
1921 74 264.36 4 1 3.5 3 0 484路
1921 5429 140.65 4 1 3.5 3 0 1274路
1933 1490 264.53 4 1 3.5 3 0 484路
1933 4590 250.42 4 1 3.5 3 0 1086路
1953 3172 110.08 2 2 7.5 3.5 1 778路
1961 1424 118.12 2 2 7.5 3.5 1 499路
1961 5747 112.96 4 1 3.5 3 0 1769路
1969 1588 137.51 2 2 7.5 3.5 1 499路
1969 1953 197.07 2 2 7.5 3.5 1 1739路
1999 1418 300.87 4 1 3.5 3 0 509路
1999 4461 182.83 2 2 7.5 3.5 1 1730路
2017 3105 316.35 2 2 7.5 3.5 1 1746路
2018 2022 21.69 1 3 11.25 0 1 512路
2018 2408 20.44 1 3 11.25 0 1 592路
2022 1520 200.26 1 3 11.25 0 1 523路
2022 2408 18.53 1 3 11.25 0 1 1035路
2025 2026 7.2 1 3 11.25 0 1 593路
2026 1877 53.21 1 3 11.25 0 1 514路
2034 886 55.86 4 1 3.5 3 0 515路
2034 2025 28.96 1 3 11.25 0 1 593路
2051 2059 42.66 4 1 3.5 3 0 518路
2059 2051 42.66 4 1 3.5 3 0 518路
2059 1230 327.14 1 2 7.5 0 1 1290路
2059 4535 169.33 1 2 7.5 0 1 1292路
2070 2034 66.56 1 3 11.25 0 1 593路
2071 5663 607.25 2 2 7.5 3.5 1 1474路
2071 2083 377.15 3 2 7.5 3 1 521路
2071 2551 540.25 2 2 7.5 3.5 1 1477路
2071 1602 337.29 3 2 7.5 3 1 1397路
2083 1184 359.72 3 2 7.5 3 1 599路
2083 2427 573.22 3 2 7.5 3 1 985路
2083 2071 362.99 3 2 7.5 3 1 1093路
2096 2626 2381.74 4 1 3.5 3 0 1052路
2109 2111 105.2 4 1 3.5 3 0 533路
2109 1229 77.71 4 1 3.5 3 0 1266路
2111 1227 78.04 1 3 11.25 0 1 1559路
2111 6326 11.26 4 1 3.5 3 0 1563路
2123 5766 269.8 3 2 7.5 3 1 1437路
2125 1913 126.12 3 2 7.5 3 1 840路
2126 894 65.73 4 1 3.5 3 0 541路
2126 892 56.47 3 2 7.5 3 1 1666路
2132 294 135.89 4 1 3.5 3 0 543路
2132 2138 215.3 4 1 3.5 3 0 545路
2132 288 170.94 4 1 3.5 3 0 846路
2138 2132 215.3 4 1 3.5 3 0 545路
2138 1650 230.32 4 1 3.5 3 0 671路
2138 272 451.38 4 1 3.5 3 0 671路
2149 1460 66.26 4 1 3.5 3 0 551路
2149 59 558.72 3 2 7.5 3 1 1154路
2149 3344 339.01 3 2 7.5 3 1 1506路
2168 1457 738.7 4 1 3.5 3 0 553路
2168 1184 172.86 3 2 7.5 3 1 640路
2168 1476 1067.2 3 2 7.5 3 1 739路
2176 2178 52.03 4 1 3.5 3 0 560路
2176 3512 236.11 4 1 3.5 3 0 856路
2178 2190 10.01 4 1 3.5 3 0 无名路
2179 233 226.2 4 1 3.5 3 0 1684路
2179 126 548.63 3 2 7.5 3 1 1717路
2179 2189 389.5 4 1 3.5 3 0 561路
2179 224 359.62 3 2 7.5 3 1 1710路
2189 2179 389.5 4 1 3.5 3 0 561路
2189 1366 58.03 4 1 3.5 3 0 733路
2190 2189 51.5 4 1 3.5 3 0 565路
2190 1366 26.4 4 1 3.5 3 0 无名路
2304 1037 107.09 4 1 3.5 3 0 567路
2304 6324 52.14 1 3 11.25 0 1 1561路
2304 189 1238.25 1 3 11.25 0 1 1811路
2311 890 594.6 4 1 3.5 3 0 569路
2311 2070 37.05 1 3 11.25 0 1 593路
2318 2325 488.42 4 1 3.5 3 0 570路
2318 4070 672.28 2 2 7.5 3.5 1 973路
2318 4098 789.6 2 2 7.5 3.5 1 973路
2325 2318 488.42 4 1 3.5 3 0 570路
2325 4098 858.87 3 2 7.5 3 1 1499路
2336 94 193.04 1 3 11.25 0 1 1311路
2336 2883 13.71 2 2 7.5 3.5 1 1436路
2337 93 44.05 4 1 3.5 3 0 758路
2338 2349 104.98 4 1 3.5 3 0 574路
2338 2336 235.18 4 1 3.5 3 0 575路
2349 2356 72.44 4 1 3.5 3 0 993路
2356 3040 264.57 4 1 3.5 3 0 578路
2356 736 131.62 4 1 3.5 3 0 755路
2361 2337 50.64 4 1 3.5 3 0 579路
2361 719 31.16 4 1 3.5 3 0 763路
2375 576 282.58 4 1 3.5 3 0 583路
2375 3577 56.73 4 1 3.5 3 0 869路
2383 1233 37.65 4 2 7 3 0 588路
2383 1230 79.03 1 3 11.25 0 1 1249路
2389 2392 81.68 4 1 3.5 3 0 589路
2389 1439 58.6 3 2 7.5 3 1 1710路
2392 1292 524.59 2 2 7.5 3.5 1 1377路
2393 1027 324.32 1 3 11.25 0 1 无名路
2408 1047 37.3 1 3 11.25 0 1 593路
2427 2083 571.47 3 2 7.5 3 1 601路
2427 1110 335.38 3 2 7.5 3 1 1516路
2427 941 365.26 4 1 3.5 3 0 1529路
2464 2474 363.6 2 2 7.5 3.5 1 604路
2464 4805 190.12 4 1 3.5 3 0 无名路
2464 3951 653.03 2 2 7.5 3.5 1 1731路
2474 716 202.53 3 2 7.5 3 1 1296路
2474 2486 457.62 2 2 7.5 3.5 1 604路
2474 2464 356.44 2 2 7.5 3.5 1 1731路
2486 2493 323.68 2 2 7.5 3.5 1 604路
2486 1130 296.7 4 1 3.5 3 0 1372路
2493 2501 385.71 2 2 7.5 3.5 1 604路
2493 3363 772.4 4 1 3.5 3 0 1184路
2493 2474 764.32 2 2 7.5 3.5 1 1731路
2501 1572 240.8 2 2 7.5 3.5 1 854路
2501 7097 213 2 2 7.5 3.5 1 1750路
2502 716 648.4 3 2 7.5 3 1 771路
2502 2514 470.17 4 1 3.5 3 0 613路
2502 655 903.2 3 2 7.5 3 1 1422路
2514 2502 470.17 4 1 3.5 3 0 613路
2514 4805 612.16 4 1 3.5 3 0 无名路
2514 262 472.06 4 1 3.5 3 0 无名路
2515 2516 14.08 4 1 3.5 3 0 617路
2516 1068 211.18 3 2 7.5 3 1 806路
2516 1461 231.06 4 1 3.5 3 0 617路
2516 1476 205.14 3 2 7.5 3 1 636路
2516 2515 13.36 4 1 3.5 3 0 1455路
2551 2071 539.06 2 2 7.5 3.5 1 628路
2551 157 335.71 2 2 7.5 3.5 1 628路
2551 4602 136.64 4 1 3.5 3 0 1706路
2598 2599 7.71 4 1 3.5 3 0 643路
2598 516 40.55 4 1 3.5 3 0 1288路
2599 2600 171.51 4 1 3.5 3 0 643路
2599 4527 10.59 4 1 3.5 3 0 1067路
2600 115 26.95 4 1 3.5 3 0 643路
2600 2609 31.25 4 1 3.5 3 0 646路
2609 522 190.63 2 2 7.5 3.5 1 1653路
2610 2615 39.9 4 1 3.5 3 0 647路
2610 115 28.22 2 2 7.5 3.5 1 734路
2615 98 627.01 4 1 3.5 3 0 1180路
2626 1541 697.91 2 2 7.5 3.5 1 648路
2626 2096 2381.74 4 1 3.5 3 0 920路
2626 2717 521.16 2 2 7.5 3.5 1 1243路
2683 949 342.26 4 1 3.5 3 0 657路
2683 1541 1285.67 4 1 3.5 3 0 916路
2683 1878 241.93 4 1 3.5 3 0 1195路
2686 2717 432.17 2 2 7.5 3.5 1 1333路
2686 412 1262.89 4 1 3.5 3 0 661路
2686 2736 543.68 2 2 7.5 3.5 1 1230路
2717 2626 521.18 2 2 7.5 3.5 1 648路
2717 331 1972.39 4 1 3.5 3 0 665路
2717 2686 433.8 2 2 7.5 3.5 1 1230路
2717 431 1054.47 3 2 7.5 3 1 1462路
2736 2737 30.75 2 2 7.5 3.5 1 667路
2736 2819 32.58 2 2 7.5 3.5 1 690路
2736 2686 542.81 2 2 7.5 3.5 1 1333路
2737 2736 30.75 2 2 7.5 3.5 1 667路
2737 2741 121.61 2 2 7.5 3.5 1 667路
2737 2819 29.88 4 1 3.5 3 0 698路
2741 2737 121.61 2 2 7.5 3.5 1 667路
2741 1643 753.98 2 2 7.5 3.5 1 688路
2781 272 500.68 4 1 3.5 3 0 677路
2781 2816 970.84 4 1 3.5 3 0 1234路
2781 303 74.95 4 1 3.5 3 0 1234路
2800 628 433.29 2 2 7.5 3.5 1 683路
2800 609 2079 4 1 3.5 3 0 1146路
2816 2817 253.79 2 2 7.5 3.5 1 1232路
2816 2781 970.84 4 1 3.5 3 0 1234路
2816 331 367.36 2 2 7.5 3.5 1 1321路
2817 2741 143.23 2 2 7.5 3.5 1 688路
2817 2819 43.93 2 2 7.5 3.5 1 690路
2817 2816 246.51 2 2 7.5 3.5 1 1337路
2819 2817 43.93 2 2 7.5 3.5 1 690路
2819 2736 32.58 2 2 7.5 3.5 1 690路
2819 2737 29.88 4 1 3.5 3 0 698路
2833 135 602.72 4 1 3.5 3 0 704路
2833 2836 157.07 4 1 3.5 3 0 704路
2833 233 322.84 4 1 3.5 3 0 1684路
2833 5666 327.76 4 1 3.5 3 0 1684路
2836 2833 157.07 4 1 3.5 3 0 704路
2836 218 709.01 4 1 3.5 3 0 704路
2836 216 274.53 4 1 3.5 3 0 1484路
2836 227 349.53 4 1 3.5 3 0 1484路
2840 3396 290.87 3 2 7.5 3 1 1752路
2855 2857 226.15 4 1 3.5 3 0 720路
2855 1598 223.48 2 2 7.5 3.5 1 1341路
2855 1499 493.16 2 2 7.5 3.5 1 1341路
2857 2855 226.15 4 1 3.5 3 0 720路
2857 1019 236.42 4 1 3.5 3 0 720路
2857 1599 223.62 4 1 3.5 3 0 1267路
2862 2868 498.69 3 2 7.5 3 1 726路
2862 1667 506.56 4 1 3.5 3 0 1639路
2862 5756 665.99 4 1 3.5 3 0 1639路
2862 1439 639.03 3 2 7.5 3 1 1723路
2868 98 483.02 3 2 7.5 3 1 1752路
2868 1365 230.34 3 2 7.5 3 1 726路
2868 5766 671.2 3 2 7.5 3 1 1760路
2868 2862 497.08 3 2 7.5 3 1 1723路
2881 4060 10.52 4 1 3.5 3 0 963路
2881 6343 446.98 1 3 11.25 0 1 1569路
2883 2885 270.06 2 2 7.5 3.5 1 734路
2883 5834 14.74 1 3 11.25 0 1 1435路
2885 522 411.78 2 2 7.5 3.5 1 734路
2885 1593 348.61 4 1 3.5 3 0 1629路
2885 1609 202.95 4 1 3.5 3 0 1629路
2885 5834 262.85 2 2 7.5 3.5 1 1653路
2891 2900 189.78 4 2 7 3 0 741路
2891 3016 386.09 2 2 7.5 3.5 1 747路
2900 193 342.04 1 3 11.25 0 1 1374路
2949 841 693.84 2 2 7.5 3.5 1 无名路
2949 6214 10.54 4 1 3.5 3 0 1680路
2981 2891 1137.31 2 2 7.5 3.5 1 无名路
2981 6181 8.89 4 1 3.5 3 0 1676路
3016 5663 776.83 2 2 7.5 3.5 1 1380路
3017 3025 440.03 1 4 15 0 1 749路
3017 5498 17.61 3 2 7.5 3 1 1614路
3025 3030 509.55 1 3 11.25 0 1 750路
3025 3474 283.72 3 2 7.5 3 1 943路
3030 1223 893.63 1 2 7.5 0 1 1390路
3033 3352 1378.67 1 3 11.25 0 1 1622路
3040 2361 52.72 4 1 3.5 3 0 760路
3040 3539 173.81 4 1 3.5 3 0 1257路
3048 1731 235.61 2 2 7.5 3.5 1 765路
3048 3260 814.43 2 2 7.5 3.5 1 1233路
3048 1148 1490.18 3 2 7.5 3 1 1462路
3048 1054 830.1 4 1 3.5 3 0 路
3089 3105 617.98 2 2 7.5 3.5 1 765路
3089 5474 443.56 4 1 3.5 3 0 1298路
3089 464 312.38 2 2 7.5 3.5 1 793路
3089 1668 761.82 4 1 3.5 3 0 路
3105 3116 311.21 2 2 7.5 3.5 1 765路
3105 5739 712.28 4 1 3.5 3 0 1770路
3105 1345 215.04 2 2 7.5 3.5 1 1746路
3116 1573 335.47 2 2 7.5 3.5 1 1744路
3116 1420 304.1 2 2 7.5 3.5 1 1745路
3117 1251 212.35 3 2 7.5 3 1 771路
3172 2493 489.69 2 2 7.5 3.5 1 1731路
3173 4035 270.25 2 2 7.5 3.5 1 1294路
3173 569 351.31 4 1 3.5 3 0 780路
3173 936 468.19 2 2 7.5 3.5 1 1587路
3194 569 313.38 4 1 3.5 3 0 780路
3194 3245 1738.94 4 1 3.5 3 0 780路
3194 3598 226.64 4 1 3.5 3 0 1431路
3245 3194 1738.94 4 1 3.5 3 0 780路
3246 3249 24.86 4 1 3.5 3 0 788路
3246 3474 14.91 3 2 7.5 3 1 1397路
3249 2125 137.54 3 2 7.5 3 1 840路
3260 7306 64.88 4 2 7 3 0 1823路
3260 3263 83.63 2 2 7.5 3.5 1 790路
3260 6387 12.53 4 2 7 3 0 1819路
3260 3048 815.7 2 2 7.5 3.5 1 951路
3263 1385 142.81 1 3 11.25 0 1 1374路
3289 1443 652.87 2 2 7.5 3.5 1 793路
3289 466 1062.94 4 1 3.5 3 0 1610路
3298 1731 814.91 2 2 7.5 3.5 1 793路
3298 466 427.98 4 1 3.5 3 0 1128路
3319 1329 8.38 1 2 7.5 0 1 800路
3319 3017 392.76 1 4 15 0 1 1179路
3344 2149 339.01 3 2 7.5 3 1 1506路
3348 1878 463.35 4 1 3.5 3 0 811路
3348 949 205.4 3 2 7.5 3 1 1462路
3348 4763 663.62 3 2 7.5 3 1 1462路
3349 3358 906.16 1 3 11.25 0 1 815路
3349 3413 454.58 2 2 7.5 3.5 1 1615路
3352 3413 439.82 2 2 7.5 3.5 1 1619路
3358 3926 400.79 1 3 11.25 0 1 1623路
3363 2493 772.4 4 1 3.5 3 0 823路
3363 3373 350.53 4 1 3.5 3 0 823路
3363 5481 752.49 4 1 3.5 3 0 1366路
3373 3363 350.53 4 1 3.5 3 0 823路
3373 3384 549.11 4 1 3.5 3 0 823路
3373 5751 772.74 4 1 3.5 3 0 1395路
3384 3373 549.11 4 1 3.5 3 0 823路
3384 3396 499.87 4 1 3.5 3 0 823路
3384 5756 761.86 4 1 3.5 3 0 1639路
3384 3951 395.83 4 1 3.5 3 0 1639路
3396 3384 499.87 4 1 3.5 3 0 823路
3396 5766 757.27 3 2 7.5 3 1 1752路
3396 1624 459.45 3 2 7.5 3 1 1760路
3413 567 1068.08 2 2 7.5 3.5 1 1051路
3413 3358 441.28 2 2 7.5 3.5 1 1615路
3413 4843 771.32 2 2 7.5 3.5 1 1167路
3474 1910 37.29 3 2 7.5 3 1 943路
3474 524 323.78 3 2 7.5 3 1 838路
3474 2123 17.21 3 2 7.5 3 1 1437路
3474 3249 20.44 3 2 7.5 3 1 840路
3511 1439 627.32 2 2 7.5 3.5 1 1637路
3512 2176 236.11 4 1 3.5 3 0 856路
3512 4523 31.5 4 1 3.5 3 0 1064路
3523 3525 65.14 4 1 3.5 3 0 858路
3523 729 165.91 4 1 3.5 3 0 1543路
3525 1351 215.69 3 2 7.5 3 1 无名路
3526 1080 115.97 4 1 3.5 3 0 859路
3526 80 227.8 4 1 3.5 3 0 1543路
3526 5426 80.7 4 1 3.5 3 0 1543路
3538 3539 78.75 4 1 3.5 3 0 862路
3538 733 67.2 4 1 3.5 3 0 1263路
3538 5395 210.34 4 1 3.5 3 0 1563路
3539 3538 78.75 4 1 3.5 3 0 862路
3539 5391 260.64 2 2 7.5 3.5 1 1261路
3539 3040 173.81 4 1 3.5 3 0 1257路
3539 1081 210.38 2 2 7.5 3.5 1 1308路
3577 4035 87.42 1 3 11.25 0 1 无名路
3577 3173 260.55 2 2 7.5 3.5 1 1587路
3578 4098 308.44 3 2 7.5 3 1 1023路
3578 3598 1216.81 4 1 3.5 3 0 870路
3598 3642 1992.91 4 1 3.5 3 0 874路
3598 3578 1216.81 4 1 3.5 3 0 924路
3598 3194 226.64 4 1 3.5 3 0 924路
3642 3598 1992.91 4 1 3.5 3 0 874路
3751 3756 442.77 3 2 7.5 3 1 883路
3751 5051 7.6 4 1 3.5 3 0 1678路
3756 3762 192.95 3 2 7.5 3 1 885路
3756 5051 443 3 2 7.5 3 1 1207路
3762 3808 472.79 3 2 7.5 3 1 885路
3762 3756 192.95 3 2 7.5 3 1 885路
3762 209 2301.39 4 1 3.5 3 0 889路
3762 3981 180.35 3 2 7.5 3 1 939路
3808 3762 472.79 3 2 7.5 3 1 891路
3808 3809 13.93 3 2 7.5 3 1 891路
3808 738 818.62 1 3 11.25 0 1 1213路
3809 3808 13.93 3 2 7.5 3 1 891路
3809 839 232.99 1 3 11.25 0 1 无名路
3826 936 1197.06 3 2 7.5 3 1 1071路
3826 3833 537.59 4 1 3.5 3 0 895路
3826 3872 259.24 3 2 7.5 3 1 901路
3826 1037 736.44 4 1 3.5 3 0 898路
3833 3834 10.11 4 1 3.5 3 0 1174路
3834 3826 556.64 4 1 3.5 3 0 898路
3834 3833 10.11 4 1 3.5 3 0 1174路
3834 1170 374.07 4 1 3.5 3 0 1174路
3872 1329 14.04 1 2 7.5 0 1 1278路
3872 4535 12.57 1 2 7.5 0 1 1282路
3873 4588 28.45 1 3 11.25 0 1 1569路
3874 4715 470.5 1 3 11.25 0 1 1110路
3875 3898 1294.44 4 1 3.5 3 0 911路
3898 3875 1294.44 4 1 3.5 3 0 911路
3898 567 1463.53 2 2 7.5 3.5 1 1222路
3898 657 418.27 2 2 7.5 3.5 1 1018路
3926 262 403.5 4 1 3.5 3 0 918路
3926 1377 984.95 1 3 11.25 0 1 1623路
3951 2464 636.47 2 2 7.5 3.5 1 604路
3951 3384 395.83 4 1 3.5 3 0 930路
3951 1380 470.38 2 2 7.5 3.5 1 1731路
3980 3981 16.37 3 2 7.5 3 1 939路
3980 4521 723.5 1 3 11.25 0 1 无名路
3981 3980 16.37 3 2 7.5 3 1 939路
3981 3762 180.35 3 2 7.5 3 1 939路
3981 840 157.16 1 3 11.25 0 1 1213路
4004 588 15.48 4 1 3.5 3 0 947路
4004 589 27.31 1 3 11.25 0 1 无名路
4035 1618 87.75 1 3 11.25 0 1 无名路
4035 1614 89.27 1 3 11.25 0 1 1078路
4036 4004 7.71 1 3 11.25 0 1 无名路
4050 4421 6.84 1 3 11.25 0 1 无名路
4051 119 92.21 4 1 3.5 3 0 961路
4051 2881 15.38 1 3 11.25 0 1 1569路
4060 1601 25.07 4 1 3.5 3 0 963路
4060 4708 15.16 1 3 11.25 0 1 1110路
4070 2318 672.28 2 2 7.5 3.5 1 973路
4070 546 822.82 2 2 7.5 3.5 1 977路
4070 4138 568.18 4 1 3.5 3 0 988路
4070 4139 20.34 4 1 3.5 3 0 990路
4098 2318 789.6 2 2 7.5 3.5 1 973路
4098 1008 434.22 2 2 7.5 3.5 1 1597路
4098 3578 308.91 3 2 7.5 3 1 1599路
4098 683 1617.34 3 2 7.5 3 1 1601路
4138 4070 568.18 4 1 3.5 3 0 988路
4138 683 832.61 4 1 3.5 3 0 1037路
4138 551 936.11 4 1 3.5 3 0 1037路
4139 4070 20.34 4 1 3.5 3 0 990路
4139 545 1210.69 4 1 3.5 3 0 1100路
4139 5551 870.18 4 1 3.5 3 0 1495路
4149 1499 187.49 4 1 3.5 3 0 994路
4149 1025 211.38 4 1 3.5 3 0 994路
4149 2857 506.05 4 1 3.5 3 0 1267路
4171 67 95.46 2 2 7.5 3.5 1 14路
4171 1 54.49 2 2 7.5 3.5 1 970路
4391 657 1774.48 4 1 3.5 3 0 1025路
4421 1524 28.42 1 3 11.25 0 1 1033路
4421 4036 42.91 1 3 11.25 0 1 无名路
4434 683 937.86 4 1 3.5 3 0 1037路
4461 263 163.95 2 2 7.5 3.5 1 1045路
4516 197 66.28 4 1 3.5 3 0 1056路
4516 4517 17.01 4 1 3.5 3 0 1056路
4516 4520 122.69 1 3 11.25 0 1 1213路
4517 4516 17.01 4 1 3.5 3 0 1056路
4517 2393 228.56 1 3 11.25 0 1 无名路
4520 197 128.65 4 1 3.5 3 0 1060路
4520 4521 15.55 4 1 3.5 3 0 1060路
4520 3981 721.87 1 3 11.25 0 1 1213路
4521 4520 15.55 4 1 3.5 3 0 1060路
4521 4517 126.48 1 3 11.25 0 1 无名路
4523 2598 10.67 4 1 3.5 3 0 1064路
4523 4524 48.23 4 1 3.5 3 0 1284路
4524 2598 46.82 4 1 3.5 3 0 1066路
4524 1613 408.36 4 1 3.5 3 0 1069路
4527 4523 8.01 4 1 3.5 3 0 1284路
4527 3512 31.3 4 1 3.5 3 0 1286路
4535 3826 259 3 2 7.5 3 1 1071路
4535 3872 12.57 1 2 7.5 0 1 1282路
4535 2059 169.33 1 2 7.5 0 1 1292路
4552 978 244.6 2 2 7.5 3.5 1 1075路
4552 4585 14.56 2 2 7.5 3.5 1 1079路
4585 4552 14.56 2 2 7.5 3.5 1 1075路
4585 990 217.4 3 2 7.5 3 1 1590路
4585 1008 270.22 2 2 7.5 3.5 1 1593路
4587 1019 261.62 4 1 3.5 3 0 1082路
4587 4588 10.79 4 1 3.5 3 0 1082路
4587 3874 28.68 1 3 11.25 0 1 1110路
4588 4587 10.79 4 1 3.5 3 0 1082路
4588 4051 214.98 1 3 11.25 0 1 1569路
4588 116 72.89 4 1 3.5 3 0 路
4590 1484 248.02 3 2 7.5 3 1 1782路
4590 4728 649.2 3 2 7.5 3 1 1782路
4602 158 326.16 4 1 3.5 3 0 1087路
4602 1608 333.85 4 1 3.5 3 0 1706路
4602 2551 136.64 4 1 3.5 3 0 1706路
4636 906 107.97 2 2 7.5 3.5 1 1104路
4636 546 401.75 2 2 7.5 3.5 1 1104路
4636 5551 646.44 4 1 3.5 3 0 1329路
4647 4648 10.8 1 3 11.25 0 1 1110路
4648 175 780.29 1 3 11.25 0 1 1110路
4648 6385 12.37 4 2 7 3 0 1823路
4686 4687 11.8 1 3 11.25 0 1 1110路
4686 1602 264.75 3 2 7.5 3 1 1437路
4687 4689 446.01 1 3 11.25 0 1 1110路
4687 5719 10.79 3 2 7.5 3 1 1397路
4689 161 327.29 1 3 11.25 0 1 1110路
4689 6348 10.69 4 1 3.5 3 0 1690路
4689 1608 262.26 4 1 3.5 3 0 1690路
4699 4700 13.16 1 3 11.25 0 1 1110路
4699 1010 261.93 3 2 7.5 3 1 1717路
4700 4060 447.83 1 3 11.25 0 1 1110路
4700 6343 10.69 3 2 7.5 3 1 1710路
4708 4587 215.25 1 3 11.25 0 1 1110路
4708 4051 10.61 4 1 3.5 3 0 1525路
4715 4716 110.99 1 3 11.25 0 1 1110路
4715 1025 263.66 4 1 3.5 3 0 1356路
4716 2336 14.68 1 3 11.25 0 1 1433路
4716 2338 247.85 4 1 3.5 3 0 路
4728 34 556.78 3 2 7.5 3 1 1134路
4728 1734 181.28 4 1 3.5 3 0 1661路
4728 4590 649.2 3 2 7.5 3 1 1782路
4763 1708 1184.29 4 1 3.5 3 0 1138路
4763 3348 663.62 3 2 7.5 3 1 1462路
4763 1148 809.22 3 2 7.5 3 1 1462路
4805 2464 190.12 4 1 3.5 3 0 无名路
4805 2514 612.16 4 1 3.5 3 0 无名路
4805 716 391.16 4 1 3.5 3 0 1502路
4843 3413 771.58 2 2 7.5 3.5 1 1164路
4843 262 806.56 4 1 3.5 3 0 1391路
4843 655 463.68 2 2 7.5 3.5 1 1167路
4959 2051 150.22 4 1 3.5 3 0 1289路
5018 862 1752.45 1 3 11.25 0 1 1203路
5018 7306 171.2 1 1 3.75 0 1 1817路
5051 1405 267.73 3 2 7.5 3 1 1207路
5051 3751 7.6 4 1 3.5 3 0 1678路
5391 1227 11.96 1 3 11.25 0 1 1318路
5391 6326 78.27 1 3 11.25 0 1 1566路
5395 1081 79.76 4 1 3.5 3 0 1267路
5395 1885 117.18 4 1 3.5 3 0 1274路
5426 1921 240.87 4 1 3.5 3 0 1274路
5426 3526 80.7 4 1 3.5 3 0 1543路
5426 729 66.45 4 1 3.5 3 0 1543路
5429 725 74.81 3 2 7.5 3 1 1782路
5429 71 259.89 3 2 7.5 3 1 1782路
5474 5739 534.03 3 2 7.5 3 1 1397路
5474 3089 443.56 4 1 3.5 3 0 1298路
5474 5736 183.37 3 2 7.5 3 1 1437路
5481 5751 352.36 3 2 7.5 3 1 1397路
5481 3363 752.49 4 1 3.5 3 0 1304路
5481 1424 318.39 3 2 7.5 3 1 1437路
5498 1365 71.29 3 2 7.5 3 1 1319路
5498 3319 405.78 1 3 11.25 0 1 1326路
5551 995 1214.86 4 1 3.5 3 0 1329路
5551 4636 646.44 4 1 3.5 3 0 1329路
5551 524 864.05 4 1 3.5 3 0 1495路
5551 4139 870.18 4 1 3.5 3 0 1495路
5663 2071 604.94 2 2 7.5 3.5 1 1380路
5663 68 316.42 4 1 3.5 3 0 1480路
5663 952 777.68 2 2 7.5 3.5 1 1531路
5666 216 354.74 4 1 3.5 3 0 1382路
5666 2833 327.76 4 1 3.5 3 0 1684路
5666 140 602.09 4 1 3.5 3 0 1690路
5666 5726 427.94 4 1 3.5 3 0 1698路
5719 1116 309.3 3 2 7.5 3 1 1397路
5719 5883 11.81 1 3 11.25 0 1 1569路
5726 5736 410.16 3 2 7.5 3 1 1397路
5726 5666 427.94 4 1 3.5 3 0 1698路
5726 1116 600.72 3 2 7.5 3 1 1437路
5726 458 248.68 4 1 3.5 3 0 1698路
5736 5474 176.28 3 2 7.5 3 1 1397路
5736 216 423.75 4 1 3.5 3 0 1484路
5736 5726 413.34 3 2 7.5 3 1 1437路
5736 462 424.86 4 1 3.5 3 0 1484路
5739 1424 439.73 3 2 7.5 3 1 1397路
5739 218 387.72 4 1 3.5 3 0 1770路
5739 5474 533.44 3 2 7.5 3 1 1437路
5739 3105 712.28 4 1 3.5 3 0 1770路
5747 5481 190.46 3 2 7.5 3 1 1397路
5751 5756 530.22 3 2 7.5 3 1 1397路
5751 3373 772.74 4 1 3.5 3 0 1416路
5751 5481 352.38 3 2 7.5 3 1 1437路
5756 5766 498.44 3 2 7.5 3 1 1397路
5756 2862 665.99 4 1 3.5 3 0 1639路
5756 5751 530.21 3 2 7.5 3 1 1437路
5756 3384 761.86 4 1 3.5 3 0 1639路
5766 2868 670.99 3 2 7.5 3 1 1752路
5766 3246 269.62 3 2 7.5 3 1 1397路
5766 3396 756.95 3 2 7.5 3 1 1760路
5766 5756 498.46 3 2 7.5 3 1 1437路
5834 4716 14.01 2 2 7.5 3.5 1 1434路
5834 6333 273.04 1 3 11.25 0 1 1569路
5883 4686 10.79 3 2 7.5 3 1 1437路
5883 169 240.87 1 3 11.25 0 1 1569路
6085 581 1611.89 1 3 11.25 0 1 无名路
6181 841 650.64 2 2 7.5 3.5 1 无名路
6181 2981 8.89 4 1 3.5 3 0 1676路
6214 2949 10.54 4 1 3.5 3 0 1680路
6286 1441 38.59 4 1 3.5 3 0 1537路
6286 458 1005.89 4 1 3.5 3 0 1541路
6324 2111 15.77 1 3 11.25 0 1 1560路
6324 2304 52.14 1 3 11.25 0 1 1561路
6326 3538 261.04 4 1 3.5 3 0 1563路
6326 6324 17.34 1 3 11.25 0 1 1566路
6333 3873 300.92 1 3 11.25 0 1 1569路
6333 1609 85.49 4 1 3.5 3 0 1807路
6343 6344 13.17 1 3 11.25 0 1 1569路
6343 126 148.06 3 2 7.5 3 1 1710路
6344 162 538.1 1 3 11.25 0 1 1569路
6344 4699 10.7 3 2 7.5 3 1 1717路
6348 5719 444.83 1 3 11.25 0 1 1569路
6348 140 255.47 4 1 3.5 3 0 1690路
6348 4689 10.69 4 1 3.5 3 0 1690路
6385 6387 10.9 1 3 11.25 0 1 1569路
6385 3260 17.84 4 2 7 3 0 1823路
6387 3263 82.26 1 3 11.25 0 1 1569路
6387 4647 12.72 4 2 7 3 0 1819路
7097 1999 36.74 2 2 7.5 3.5 1 1750路
7306 5018 171.2 1 1 3.75 0 1 1817路
7306 3260 69.44 4 2 7 3 0 1819路
