2242
1 2 8 4491 
8 2 3222 4501 
14 2 16 8947 
16 1 5147 
17 2 25 5149 
25 1 2300 
26 3 27 719 5529 
27 2 29 8205 
29 2 7677 7684 
30 2 36 2602 
36 2 2302 3896 
37 2 38 17 
38 2 39 40 
39 2 11238 5149 
40 1 112 
43 3 46 67 56 
46 3 43 47 53 
47 2 46 2536 
53 2 56 4996 
56 3 59 43 4994 
59 2 60 2600 
60 1 61 
61 2 12248 30 
67 1 7451 
70 2 77 4991 
77 1 4994 
78 3 80 8199 429 
80 3 78 6146 100 
81 3 88 2168 6327 
88 2 4956 4660 
96 2 100 4989 
100 2 101 4991 
101 3 102 6159 4994 
102 2 104 4996 
104 2 107 5810 
107 3 2500 4956 7040 
108 2 30 6152 
112 2 114 3896 
114 2 36 2599 
122 1 123 
123 3 122 2599 112 
124 1 126 
126 3 124 39 40 
127 3 128 132 133 
128 3 127 129 130 
129 1 128 
130 2 128 126 
131 1 132 
132 3 131 127 135 
133 4 127 134 2595 130 
134 2 133 8948 
135 1 132 
139 3 2579 4741 140 
140 3 144 139 11262 
144 1 4759 
145 2 148 167 
148 1 145 
149 1 150 
150 2 151 248 
151 1 152 
152 2 153 323 
153 2 154 339 
154 1 155 
155 2 156 337 
156 1 157 
157 2 158 335 
158 2 159 344 
159 2 160 333 
160 2 5893 342 
167 2 7063 149 
169 2 173 197 
173 1 6590 
174 1 182 
182 2 10382 183 
183 2 185 230 
185 2 8878 173 
197 1 2474 
228 3 229 230 3062 
229 2 230 4948 
230 3 229 3763 228 
241 3 247 252 3062 
247 3 241 3076 7184 
248 2 249 330 
249 2 250 326 
250 2 3371 313 
252 2 241 3064 
258 2 259 301 
259 1 11217 
260 2 261 281 
261 1 258 
262 2 263 352 
263 3 322 323 250 
267 2 269 668 
269 2 270 1499 
270 3 271 1374 673 
271 2 272 1526 
272 2 273 11657 
273 2 274 1506 
274 2 275 1506 
275 2 276 1522 
276 2 277 1577 
277 2 1447 1448 
278 3 279 1564 3362 
279 2 280 310 
280 2 281 3365 
281 1 258 
283 2 258 313 
285 2 286 288 
286 4 285 7201 312 287 
287 2 288 286 
288 2 289 290 
289 2 259 301 
290 2 291 7000 
291 2 295 298 
295 2 297 2642 
297 1 169 
298 2 300 7000 
300 1 259 
301 1 285 
302 2 304 11399 
304 3 302 308 9486 
308 2 304 1546 
310 3 312 3367 3363 
312 2 3372 286 
313 2 261 326 
321 2 322 353 
322 3 321 263 3365 
323 2 263 152 
326 1 327 
327 2 248 145 
330 2 323 151 
331 2 332 5893 
332 2 333 160 
333 2 334 6413 
334 2 335 158 
335 2 336 6415 
336 2 337 156 
337 2 338 6416 
338 2 339 154 
339 2 323 262 
341 2 342 8135 
342 2 343 8683 
343 2 344 159 
344 2 345 9097 
345 2 346 157 
346 2 347 156 
347 2 348 155 
348 2 3381 8802 
349 2 350 7678 
350 2 351 7680 
351 1 10649 
352 1 321 
353 2 279 1564 
355 2 356 5152 
356 3 5891 1450 1548 
357 2 359 6143 
359 1 362 
362 2 29 8205 
363 1 364 
364 2 363 381 
365 1 366 
366 3 365 3381 8802 
367 2 368 366 
368 2 369 8802 
369 2 370 383 
370 2 371 8806 
371 2 372 6048 
372 2 373 443 
373 2 374 9098 
374 1 448 
375 2 377 2599 
377 2 379 123 
379 2 364 395 
381 2 382 367 
382 2 369 441 
383 2 347 8806 
388 2 389 1564 
389 2 390 352 
390 2 338 262 
393 2 394 375 
394 2 395 377 
395 2 396 401 
396 2 441 364 
397 2 336 6416 
400 3 401 403 394 
401 2 402 460 
402 1 452 
403 1 393 
404 3 410 1389 9817 
410 3 404 412 422 
412 3 410 413 1562 
413 3 412 1513 11815 
414 3 351 403 439 
422 2 410 413 
423 2 426 10463 
426 4 423 429 1207 1213 
429 3 426 78 6146 
433 3 8689 6413 332 
435 2 436 10463 
436 2 435 438 
438 3 436 439 423 
439 3 438 440 10457 
440 2 439 393 
441 2 442 370 
442 2 443 371 
443 2 444 451 
444 2 448 373 
448 2 449 5154 
449 1 5153 
450 2 451 444 
451 2 402 460 
452 2 396 442 
453 2 455 1194 
455 2 456 713 
456 2 457 692 
457 2 458 1174 
458 1 2822 
460 2 461 10649 
461 2 5155 351 
467 3 8961 10145 8047 
469 1 476 
476 4 469 10529 3487 6463 
482 2 1601 5823 
489 3 492 4247 8033 
492 3 489 494 5083 
494 2 492 499 
499 4 494 500 10442 3384 
500 4 499 502 3385 3397 
502 3 500 503 3386 
503 4 502 5094 507 2557 
507 2 503 10448 
509 3 1235 1716 2745 
510 2 513 6469 
513 3 515 3439 3486 
515 1 518 
518 2 519 1934 
519 1 522 
522 2 507 5101 
525 2 538 2720 
538 2 3116 7574 
540 2 543 1864 
543 3 540 545 2966 
545 3 543 548 5857 
548 3 545 550 2969 
550 3 548 551 2970 
551 2 550 553 
553 3 551 5220 4329 
554 3 2817 699 27 
562 2 568 2170 
568 1 571 
571 1 3206 
575 2 3497 578 
578 2 579 3499 
579 2 580 3438 
580 2 581 1895 
581 3 11342 8044 10275 
585 3 1139 588 2281 
588 4 585 1165 2242 2108 
590 2 592 4960 
592 1 1736 
593 2 598 7759 
598 4 593 601 1264 6987 
601 4 598 4863 1285 1291 
605 2 610 8449 
610 1 3417 
611 3 612 6349 628 
612 3 611 613 6365 
613 3 612 614 10576 
614 3 613 10561 10521 
615 1 623 
623 3 615 625 6351 
625 3 623 627 6732 
627 3 625 628 630 
628 3 627 611 6351 
630 1 627 
631 1 636 
636 4 631 637 9658 10582 
637 3 636 639 9657 
639 3 637 640 8158 
640 3 639 641 10564 
641 1 640 
642 1 643 
643 3 642 10149 10142 
654 2 655 1695 
655 2 662 10130 
662 2 683 686 
668 1 672 
672 2 673 269 
673 3 270 7203 1525 
677 1 1503 
683 2 767 1725 
686 1 482 
690 3 456 1174 713 
692 2 694 710 
694 2 697 708 
697 1 698 
698 2 356 706 
699 4 690 554 26 715 
701 3 702 2745 2748 
702 3 701 703 8798 
703 3 702 1717 11234 
706 2 708 698 
708 2 709 694 
709 2 710 1195 
710 2 455 1194 
713 3 715 690 1176 
715 2 699 6257 
719 2 720 8207 
720 2 721 10643 
721 2 723 8240 
723 2 509 1716 
729 2 734 6303 
734 1 735 
735 2 6303 3267 
767 1 1684 
780 3 4844 4180 4181 
781 2 786 1761 
786 2 1761 1789 
787 2 788 9357 
788 1 1604 
790 1 791 
791 2 792 7861 
792 2 794 3917 
794 2 797 7721 
797 2 799 9701 
799 2 801 9889 
801 2 802 9732 
802 1 803 
803 2 806 9871 
806 3 7866 3317 7850 
807 3 12098 9247 1303 
812 1 817 
817 2 12512 5982 
818 3 846 10149 2699 
832 3 834 905 992 
834 3 832 3452 839 
835 3 838 10667 878 
838 3 835 942 8366 
839 3 846 834 3471 
846 4 839 971 905 818 
849 2 856 12395 
856 2 857 12395 
857 1 8269 
858 4 862 1005 5982 4699 
862 3 858 864 8648 
864 3 862 865 8648 
865 3 864 866 8644 
866 3 865 869 8647 
869 3 866 871 6972 
871 3 869 873 8622 
873 2 871 8263 
874 2 878 10269 
878 4 874 884 835 901 
884 4 878 886 942 944 
886 4 884 890 971 995 
890 4 886 975 903 905 
893 1 896 
896 4 893 897 999 933 
897 4 896 901 945 937 
901 3 897 878 941 
902 3 903 999 1001 
903 4 902 890 983 975 
905 3 890 846 832 
906 2 907 10512 
907 2 8147 10149 
908 2 933 934 
921 3 931 992 6189 
931 3 921 933 8664 
933 3 931 908 896 
934 2 908 935 
935 3 934 936 6957 
936 3 935 937 6957 
937 3 936 941 897 
941 3 937 10269 901 
942 3 884 971 838 
944 3 884 945 981 
945 4 944 897 997 999 
971 3 846 942 886 
975 3 890 903 992 
981 3 983 995 944 
983 4 981 903 995 999 
992 3 975 832 921 
993 1 995 
995 4 993 981 886 983 
997 1 945 
999 4 945 902 983 896 
1001 1 902 
1005 3 1018 3849 4246 
1018 3 1019 1304 6972 
1019 3 8262 1048 6963 
1047 1 1048 
1048 3 6164 1304 1019 
1052 2 3857 2037 
1056 4 5212 1064 5563 5369 
1064 2 1056 1073 
1065 2 1073 1601 
1073 2 5229 5213 
1079 2 7127 7158 
1088 3 2731 1091 6545 
1091 3 1096 2845 11067 
1096 3 1129 482 5811 
1104 2 2042 12503 
1113 2 1120 7049 
1120 3 53 2500 47 
1124 2 1125 6524 
1125 2 1332 1451 
1126 3 1127 11063 2920 
1127 4 1126 1129 6047 2921 
1129 4 1127 5563 1136 1096 
1136 1 1129 
1139 3 585 1165 1815 
1157 4 10411 7555 6563 5086 
1158 3 1160 2091 4638 
1160 3 1158 1161 2548 
1161 3 1160 1162 2088 
1162 4 1161 1165 2108 2087 
1165 4 1162 588 2082 1139 
1166 3 1169 1394 8642 
1169 4 1166 1170 1395 6098 
1170 3 1169 1713 6044 
1171 3 1172 6132 10400 
1172 2 1171 6573 
1173 2 1174 458 
1174 3 1173 690 554 
1176 3 713 1185 453 
1185 3 1176 1189 5375 
1189 3 1185 1191 5372 
1191 3 1189 1549 7220 
1194 2 1195 5375 
1195 2 677 709 
1198 3 1199 5615 2384 
1199 3 1200 2385 2508 
1200 2 2386 1216 
1206 2 2831 6141 
1207 2 426 6163 
1213 3 426 359 6144 
1214 2 1216 4291 
1216 3 1214 2358 6470 
1217 2 1223 2720 
1223 2 1224 1172 
1224 1 1225 
1225 2 1227 2876 
1227 2 1228 2725 
1228 3 1230 2832 2834 
1230 2 1232 2869 
1232 3 1088 2736 2740 
1235 2 1237 2749 
1237 3 2117 2781 1235 
1261 2 1263 1482 
1263 4 4739 2295 5406 1315 
1264 4 1269 7759 598 1282 
1269 1 1264 
1270 2 1274 1790 
1274 4 1270 1277 4854 4862 
1277 4 1274 1281 5949 5583 
1281 2 1277 5585 
1282 2 1284 7878 
1284 3 1282 1285 6751 
1285 3 1284 601 6752 
1291 3 601 1295 6987 
1295 2 1291 6557 
1297 3 6765 1299 12216 
1299 3 1297 1301 12305 
1301 3 1299 1302 12306 
1302 3 1301 1303 12328 
1303 3 1302 807 11851 
1304 2 1018 1005 
1315 2 1125 1521 
1332 2 1261 1315 
1333 3 1338 9796 4837 
1338 4 1333 1340 4383 8620 
1340 3 1338 9801 4386 
1341 3 174 6500 5457 
1344 2 1346 4388 
1346 2 790 786 
1347 2 1353 3532 
1353 2 1 8 
1355 2 1356 4926 
1356 2 1372 1537 
1357 3 1359 7209 10159 
1359 4 1357 1361 1695 10159 
1361 3 1359 1363 1378 
1363 4 1361 2680 6058 10614 
1364 3 1368 7077 9603 
1368 3 1364 1369 7081 
1369 4 1368 1370 9603 7102 
1370 1 1369 
1371 1 1372 
1372 4 1371 1373 1543 1356 
1373 4 1372 1374 1535 1537 
1374 4 1373 270 1499 1526 
1378 2 1361 6058 
1382 2 1383 422 
1383 3 1382 1387 5760 
1387 3 1383 1389 7089 
1389 4 1387 1393 7093 404 
1393 2 1389 5171 
1394 2 1395 1397 
1395 4 1394 1396 1400 1169 
1396 2 1395 1170 
1397 2 1400 1966 
1400 4 1397 1401 6091 1395 
1401 2 1400 1396 
1402 4 1408 1414 1422 2942 
1408 4 10760 1402 2958 5199 
1414 2 1415 2337 
1415 2 1408 2337 
1422 2 4288 1200 
1424 2 1431 4289 
1431 1 10747 
1432 2 1438 5984 
1438 3 1432 1445 6714 
1445 2 1438 8444 
1446 3 1447 1542 1547 
1447 3 1446 277 1577 
1448 2 277 1450 
1450 2 1448 5906 
1451 3 7706 3768 4825 
1464 2 1469 4386 
1469 2 4813 7719 
1470 2 1479 1790 
1479 1 6281 
1482 3 1261 1484 10238 
1484 2 1482 4409 
1488 2 1496 1839 
1496 1 1851 
1498 2 1499 267 
1499 3 1498 1374 1535 
1501 2 1503 5375 
1503 2 1504 7202 
1504 2 273 7228 
1506 2 1507 1545 
1507 3 1508 1537 1542 
1508 1 302 
1513 1 1562 
1521 2 4416 5732 
1522 2 1523 1548 
1523 2 356 5891 
1524 2 1525 7203 
1525 2 271 11657 
1526 2 1374 1545 
1535 2 1373 1543 
1537 3 1373 1507 1545 
1542 3 1507 1446 1578 
1543 2 1372 4926 
1545 3 1526 1506 272 
1546 2 308 1547 
1547 3 1546 1446 1578 
1548 2 1448 276 
1549 2 1551 1191 
1551 3 1524 5384 5385 
1552 2 2314 2322 
1562 1 4964 
1564 2 1566 278 
1566 2 1567 5937 
1567 2 1569 5923 
1569 2 11384 11408 
1572 3 1573 5923 3362 
1573 2 1572 1576 
1576 3 1573 11404 3372 
1577 2 1542 1447 
1578 2 1579 9486 
1579 2 308 1546 
1580 2 1585 9817 
1585 2 3073 4914 
1601 4 3883 1064 3889 5823 
1604 1 1611 
1611 2 806 780 
1614 2 1615 5969 
1615 2 2009 2005 
1616 2 1618 1627 
1618 1 2021 
1619 2 1627 1618 
1627 1 1733 
1628 2 1629 1750 
1629 1 7166 
1633 2 1634 1734 
1634 1 1882 
1635 2 1639 5426 
1639 1 1641 
1641 1 4700 
1651 1 1628 
1661 2 4382 6407 
1662 1 1674 
1674 1 4733 
1676 2 1679 5531 
1679 2 2616 1683 
1683 2 11234 6610 
1684 3 3891 590 1718 
1695 5 655 767 1359 1378 5811 
1713 2 1714 2675 
1714 4 2674 1401 10402 6091 
1716 2 1717 702 
1717 2 721 8255 
1718 3 267 1725 1695 
1725 2 654 668 
1733 2 1734 12224 
1734 1 1735 
1735 2 1614 1634 
1736 2 1744 7742 
1744 1 4892 
1750 1 1604 
1761 1 1767 
1767 2 1772 9659 
1772 2 1651 9672 
1777 1 1784 
1784 3 1761 1789 1981 
1789 2 1981 1635 
1790 4 5761 8059 593 1479 
1795 3 11895 11552 9493 
1803 2 1498 4888 
1809 3 1814 1832 2275 
1814 1 6372 
1815 2 1822 1139 
1822 1 8189 
1823 2 1825 2388 
1825 2 1832 1814 
1832 4 1809 10501 7595 8674 
1834 3 1341 7624 5457 
1835 2 1838 1340 
1838 1 1484 
1839 2 1496 4918 
1842 2 1750 1629 
1851 1 11805 
1854 2 1861 1910 
1861 2 5866 540 
1864 2 1865 10435 
1865 1 1867 
1867 2 2992 11648 
1869 2 1052 9179 
1882 2 1883 8174 
1883 2 1885 2015 
1885 1 12503 
1895 1 1897 
1897 2 1898 3499 
1898 2 1899 10434 
1899 2 1900 10146 
1900 1 1901 
1901 2 1904 3493 
1904 2 1910 1861 
1910 1 3507 
1911 1 4276 
1918 1 1920 
1920 1 1921 
1921 1 1922 
1922 2 1951 10577 
1934 1 1939 
1939 2 1941 3451 
1941 2 1942 3424 
1942 2 12487 3425 
1951 2 1954 1911 
1954 2 12487 7196 
1961 2 10674 12511 
1966 4 6091 1970 5082 11072 
1970 3 2851 6084 6120 
1971 2 1978 8345 
1978 1 2057 
1981 1 1983 
1983 2 1104 3948 
1996 2 1997 9163 
1997 1 1999 
1999 2 2005 2009 
2005 1 9437 
2009 1 2013 
2013 2 2015 1885 
2015 1 2019 
2019 2 2020 2072 
2020 1 1961 
2021 2 1777 3950 
2037 1 817 
2038 2 2042 2044 
2042 1 2044 
2044 2 1615 5969 
2047 2 1978 6765 
2057 2 2058 8340 
2058 1 2069 
2069 2 2072 2020 
2072 1 1996 
2077 3 1237 2120 2082 
2078 3 2079 2095 2092 
2079 2 2080 2123 
2080 2 2081 5470 
2081 2 2082 2115 
2082 3 2121 2085 2077 
2085 1 2077 
2086 2 2087 1165 
2087 4 2086 2088 1162 2115 
2088 3 2087 2089 5463 
2089 3 2088 2091 1160 
2091 3 2089 2092 1158 
2092 3 2093 2078 2091 
2093 2 2092 2547 
2094 2 2095 1237 
2095 2 2094 2078 
2104 3 2108 5464 12171 
2108 3 2104 1162 5468 
2115 4 2087 2081 2121 2122 
2117 2 2120 2077 
2120 1 5470 
2121 2 2115 2086 
2122 3 2115 2123 2080 
2123 2 2122 2093 
2124 2 2355 4145 
2126 2 2441 11019 
2167 2 2168 8782 
2168 1 2169 
2169 2 6343 2529 
2170 1 2176 
2176 2 10718 2224 
2177 2 2223 4140 
2190 2 2195 4172 
2195 1 2177 
2196 2 2206 4658 
2206 2 2216 2236 
2216 1 11740 
2217 2 2195 4172 
2223 1 2196 
2224 2 2236 2216 
2236 1 2237 
2237 2 2223 9634 
2242 2 12171 2249 
2249 1 2251 
2251 3 8367 5834 5832 
2253 1 588 
2270 3 2275 6377 2276 
2275 3 2270 2281 1809 
2276 3 2278 2270 5836 
2278 3 2276 2279 5834 
2279 3 2278 2281 5833 
2281 4 2279 2275 585 12169 
2283 2 2288 4588 
2288 2 2124 4588 
2289 2 2295 1340 
2295 2 6281 1263 
2297 1 25 
2300 2 2302 3896 
2302 1 108 
2303 2 2313 5290 
2313 2 2167 5830 
2314 3 2317 9817 1552 
2317 2 9796 8620 
2322 1 5166 
2328 2 4873 4879 
2337 3 1414 4291 1415 
2355 1 6305 
2358 3 1216 2386 2366 
2359 4 2366 4602 6024 2576 
2360 2 2359 4602 
2366 3 2374 2358 2359 
2374 1 2400 
2375 2 2366 2374 
2382 3 2383 2688 2576 
2383 3 2382 6025 10917 
2384 3 2385 1198 2402 
2385 4 2384 2386 2401 1199 
2386 3 2385 2358 2400 
2388 1 2389 
2389 1 5281 
2391 2 2395 2461 
2395 1 2375 
2400 1 2401 
2401 2 2402 2385 
2402 2 2406 2384 
2406 2 2410 10862 
2410 2 2420 4538 
2420 1 3907 
2421 1 2461 
2441 2 2444 11020 
2444 1 2456 
2456 2 2459 7262 
2459 2 10918 2395 
2461 1 2391 
2474 2 2475 4948 
2475 1 298 
2477 3 14 2480 2493 
2480 3 2477 14 3109 
2493 1 2477 
2494 2 2498 7988 
2498 2 7988 7978 
2500 2 1120 107 
2508 2 1199 8677 
2510 1 8517 
2521 3 2522 4491 3161 
2522 4 2521 2526 3207 3218 
2526 4 2522 2527 2643 2647 
2527 4 2526 2528 2657 2660 
2528 4 2527 2529 2651 2653 
2529 3 2528 2169 8782 
2530 1 2531 
2531 2 8428 10282 
2533 1 2536 
2536 1 2543 
2543 2 2303 8975 
2547 2 2089 5463 
2548 1 4588 
2557 3 503 5094 10448 
2571 3 2576 2578 6475 
2576 2 2382 2359 
2578 2 2571 2360 
2579 3 2587 139 4759 
2587 3 2579 2594 12067 
2594 2 2587 6001 
2595 1 133 
2599 1 4988 
2600 2 2602 60 
2602 2 114 4988 
2603 2 2604 6260 
2604 3 2603 2605 6609 
2605 3 2604 2607 2613 
2607 3 2605 10228 2614 
2608 2 2612 2603 
2612 3 2608 2613 2604 
2613 3 2612 2614 2778 
2614 3 2613 2607 2775 
2616 3 1679 2617 6610 
2617 3 2616 2618 8800 
2618 4 2617 2619 2748 10228 
2619 3 2618 2781 2755 
2620 3 1206 2846 6545 
2624 3 2085 2755 2783 
2642 2 4918 297 
2643 2 2526 3149 
2647 4 2526 2650 2660 3219 
2650 3 2647 2709 2662 
2651 2 2528 2657 
2653 4 2528 2654 8170 2660 
2654 3 2653 2656 8167 
2656 3 2654 2707 8172 
2657 2 2527 2643 
2660 4 2527 2662 2653 2647 
2662 3 2660 2708 2656 
2663 2 2664 2707 
2664 3 2663 8166 2313 
2665 3 2669 2674 2675 
2669 4 2665 2673 6044 6047 
2673 2 2669 6067 
2674 2 2665 6047 
2675 3 2665 2677 1713 
2677 1 2675 
2680 1 1363 
2688 3 2382 2690 6475 
2690 3 2688 6505 2698 
2691 2 2694 2928 
2694 3 2726 2690 6546 
2695 2 2697 4601 
2697 3 2698 6502 6505 
2698 3 2690 2727 2726 
2699 3 10149 10577 818 
2707 2 2708 2656 
2708 2 2709 2662 
2709 1 2719 
2719 2 3532 3809 
2720 2 2722 1223 
2722 2 2725 1225 
2725 2 2832 6138 
2726 3 2694 2727 8258 
2727 4 2726 2929 6502 2698 
2728 1 2730 
2730 3 2728 6502 12447 
2731 3 2735 5370 1088 
2733 4 2735 2859 5370 6107 
2735 4 2733 2736 2731 6101 
2736 3 2735 1232 2869 
2740 2 1232 6545 
2745 2 509 701 
2748 3 701 8798 2618 
2749 2 2745 509 
2755 3 2762 2619 2624 
2762 4 2755 2764 2775 2799 
2764 3 2762 2766 2798 
2766 3 2764 2769 2780 
2769 2 2766 2795 
2775 3 2778 2614 2762 
2778 3 2775 2780 2764 
2780 2 2778 2612 
2781 2 2619 2748 
2783 3 2624 6136 2799 
2793 2 2795 2769 
2795 3 2793 2802 2769 
2796 2 2798 2766 
2798 3 2796 2799 2805 
2799 3 2798 2783 2762 
2800 2 2802 2793 
2802 3 2800 2803 2795 
2803 2 2802 2951 
2804 2 2805 2796 
2805 2 2804 6134 
2817 3 7188 1173 554 
2822 2 2825 5131 
2825 2 2826 5127 
2826 2 2828 5152 
2828 2 355 5906 
2830 3 2831 2800 6607 
2831 3 2830 2832 6138 
2832 3 2831 1228 6141 
2834 4 1228 2835 2869 2873 
2835 4 2834 2836 6101 6122 
2836 4 2835 2837 6121 6110 
2837 2 2836 2838 
2838 3 2837 2839 2862 
2839 3 2838 2841 6112 
2841 3 2839 2861 6052 
2845 1 6058 
2846 2 2845 4224 
2850 2 2851 6578 
2851 3 2850 1970 11072 
2853 3 2858 2940 6089 
2858 3 2853 2859 6792 
2859 3 2858 2733 6104 
2861 2 6089 6103 
2862 3 2838 2864 6121 
2864 3 2862 2865 6055 
2865 2 2864 1171 
2869 4 2736 2834 1230 6101 
2873 3 2834 2876 1227 
2876 3 2873 2878 6130 
2878 2 2876 1224 
2920 3 2921 1126 11067 
2921 3 2920 2927 1127 
2927 1 2921 
2928 3 2691 2935 2939 
2929 3 2935 2727 12447 
2935 3 2929 2928 8258 
2939 1 2928 
2940 3 6088 2853 5370 
2942 2 2945 8367 
2945 2 2942 1408 
2951 3 1206 2830 4224 
2952 3 2953 5261 5266 
2953 2 2952 7574 
2955 2 10957 5464 
2956 2 2958 1408 
2958 2 2956 4294 
2959 2 3024 553 
2963 3 2966 2985 2975 
2966 2 2967 543 
2967 2 2968 5217 
2968 1 2969 
2969 3 2970 548 3020 
2970 3 2972 3024 550 
2972 2 553 551 
2975 3 2963 2978 3025 
2978 2 2975 2979 
2979 2 2978 2980 
2980 3 2979 2985 2992 
2985 2 2980 2963 
2992 2 1867 2985 
2993 4 2995 3016 3024 2996 
2995 2 2993 2959 
2996 4 3014 3020 3015 2993 
3014 3 2996 3025 3026 
3015 3 3016 2996 3022 
3016 4 3015 3019 3023 2993 
3019 2 3016 2995 
3020 3 2969 2996 5216 
3022 2 3015 8453 
3023 2 3016 3022 
3024 3 2993 2970 3020 
3025 2 3014 2979 
3026 2 3014 8460 
3043 1 9067 
3062 3 3064 228 241 
3064 2 252 7183 
3073 2 4914 4837 
3076 3 247 3087 3109 
3087 1 3076 
3109 3 3076 2480 11217 
3116 2 3140 8189 
3140 1 1815 
3149 3 3160 3207 3212 
3160 1 3169 
3161 3 3164 4616 2521 
3164 2 11229 3160 
3169 2 3173 3344 
3173 3 3174 4658 10722 
3174 2 3175 10723 
3175 2 3176 3345 
3176 1 3184 
3184 1 3346 
3185 2 3206 2170 
3206 1 4663 
3207 2 2522 3212 
3212 2 3164 3161 
3218 3 2522 3219 4491 
3219 3 3218 3222 2647 
3222 2 3219 4501 
3242 2 3245 8124 
3245 1 3246 
3246 2 3249 8424 
3249 2 3252 7302 
3252 1 3258 
3258 2 3260 8253 
3260 2 3263 8252 
3263 2 3266 8254 
3266 1 7039 
3267 2 735 6500 
3310 3 3311 9731 9732 
3311 3 3310 3313 9837 
3313 3 3311 3314 9828 
3314 3 3313 3317 9849 
3317 3 3314 10037 806 
3318 3 6248 8766 12005 
3325 3 3338 3564 4016 
3338 3 3325 3340 9071 
3340 3 3338 3342 12521 
3342 3 3340 11923 12276 
3344 4 3169 4616 4098 12005 
3345 3 3346 8768 3175 
3346 2 3345 9633 
3362 3 278 3363 1572 
3363 3 3362 3372 1573 
3365 3 280 322 3371 
3367 2 301 280 
3371 2 3365 260 
3372 3 1851 1576 312 
3381 1 153 
3384 3 3385 499 3418 
3385 4 3384 3386 3392 500 
3386 3 3385 502 3404 
3387 1 3390 
3390 3 3387 3391 6685 
3391 4 3390 3392 3418 3399 
3392 4 3391 3385 3418 3404 
3397 3 500 10442 5094 
3399 3 3391 3404 3405 
3404 3 3386 3399 3392 
3405 3 3399 3411 6686 
3411 3 3405 3417 6686 
3417 2 3411 10685 
3418 3 3392 3384 3391 
3424 3 1941 3425 3451 
3425 3 1942 3472 3424 
3432 1 3438 
3438 2 3432 8047 
3439 3 3447 3451 513 
3447 3 3439 6469 10577 
3451 3 1939 3424 3439 
3452 4 834 6189 8351 11858 
3471 2 839 6790 
3472 2 3425 1921 
3486 3 513 6463 6985 
3487 3 3493 10145 476 
3493 4 3487 1901 6985 10146 
3497 3 3499 575 10144 
3499 4 3497 1897 10146 578 
3501 2 3472 1920 
3507 2 515 3486 
3516 3 3519 4791 4759 
3519 1 3516 
3532 1 2650 
3535 2 3538 11919 
3538 1 3545 
3545 2 4035 3325 
3564 2 5001 4016 
3631 2 2190 4374 
3763 2 185 8878 
3768 1 1464 
3782 2 1451 4837 
3790 2 3796 4409 
3796 2 4396 1332 
3809 2 3811 9045 
3811 4 9045 4517 11422 10304 
3838 1 6448 
3849 2 6408 858 
3857 1 3860 
3860 1 1639 
3864 2 3860 5982 
3867 2 3870 3950 
3870 1 3873 
3873 2 3857 3864 
3883 1 1601 
3889 1 3891 
3891 3 11906 12515 1684 
3896 1 37 
3897 2 3907 3914 
3907 1 5459 
3914 1 2288 
3917 3 792 3918 9714 
3918 3 3917 3919 9698 
3919 4 3918 4388 3921 5397 
3921 3 3919 3922 10073 
3922 3 3921 3923 8521 
3923 1 3922 
3924 3 3946 4388 5397 
3946 2 3924 4376 
3948 2 3950 3870 
3950 3 5959 2047 1777 
3951 2 3952 9534 
3952 3 7239 9534 12327 
4016 3 4023 6657 3325 
4023 2 4025 6895 
4025 2 4028 6892 
4028 2 4031 6859 
4031 1 4035 
4035 2 3545 4044 
4044 2 4073 4083 
4073 1 4075 
4075 2 562 10711 
4083 1 4115 
4089 3 3535 4083 4616 
4098 3 3344 4106 3535 
4106 1 4089 
4115 2 4106 4073 
4140 1 4098 
4145 2 2217 4374 
4172 1 4567 
4174 1 4176 
4176 4 4174 4180 10015 10053 
4180 2 4176 4844 
4181 2 1633 1842 
4224 4 6058 10614 2620 2951 
4239 2 2846 2620 
4246 2 1005 1662 
4247 1 4248 
4248 2 8449 4260 
4249 2 4259 10675 
4259 1 8562 
4260 2 4262 1918 
4262 1 4265 
4265 1 4266 
4266 2 4268 4287 
4268 2 10676 8183 
4276 1 489 
4287 1 8565 
4288 1 1424 
4289 2 4291 1214 
4291 4 1214 1431 10760 6368 
4294 2 6377 4332 
4296 1 4325 
4325 2 4296 9101 
4329 2 4294 4332 
4332 1 4336 
4336 2 2959 5193 
4357 4 4362 10983 9648 10989 
4362 2 4363 10980 
4363 3 10760 6675 6471 
4367 2 2420 4542 
4374 1 3914 
4376 2 4378 4701 
4378 1 3838 
4382 1 4246 
4383 3 4386 4443 1338 
4386 4 1340 1838 4443 4814 
4388 3 3924 3919 1344 
4396 2 1451 3768 
4401 2 2289 5592 
4405 2 4408 5106 
4408 2 8858 5331 
4409 3 4386 1484 3790 
4416 2 4418 5678 
4418 2 4427 5650 
4427 1 8834 
4443 2 4825 4383 
4453 3 4454 6044 8591 
4454 1 4453 
4491 3 1 2521 3218 
4494 2 4497 11429 
4497 2 11422 3811 
4501 1 3532 
4517 2 10304 3811 
4538 1 4367 
4542 2 3631 7017 
4567 2 568 9613 
4574 2 3631 7017 
4588 2 4640 4638 
4591 2 4598 2355 
4598 2 2695 6502 
4601 2 2578 6475 
4602 1 4603 
4603 2 2126 6024 
4616 3 3161 4089 3344 
4638 2 4640 1158 
4640 1 2124 
4658 3 2196 3173 12005 
4660 1 4663 
4663 2 4660 81 
4694 2 4699 6408 
4699 2 6408 858 
4700 2 4701 4378 
4701 1 4694 
4733 2 4735 10476 
4735 2 10082 10106 
4739 2 1835 10238 
4741 2 2494 149 
4759 3 2579 3516 144 
4791 3 3516 6004 5997 
4799 3 12061 11262 6004 
4813 1 3796 
4814 2 4824 7719 
4824 1 3790 
4825 3 1451 4837 4443 
4837 4 3782 3073 1333 4825 
4844 1 7759 
4854 2 1274 8060 
4862 2 1274 6281 
4863 4 601 5113 6555 5951 
4873 3 2328 5425 7830 
4879 2 1470 5781 
4888 1 1684 
4892 2 4894 9576 
4894 2 4895 9583 
4895 2 1795 9515 
4914 1 1488 
4918 3 1839 2642 9463 
4926 1 4930 
4930 3 592 4888 1803 
4948 2 229 2475 
4956 3 4957 107 5810 
4957 3 4956 4959 7056 
4959 2 4957 11884 
4960 2 1736 5060 
4964 2 1580 1585 
4988 2 4989 10453 
4989 2 70 2600 
4991 1 77 
4994 3 4996 101 56 
4996 3 4999 53 102 
4999 2 2500 104 
5001 3 5024 5028 3564 
5024 3 5001 5025 5037 
5025 3 5024 5028 9074 
5028 3 5025 5001 5040 
5037 3 5038 5024 5047 
5038 1 5037 
5040 1 5028 
5047 1 5037 
5060 1 4960 
5064 2 5071 8051 
5071 2 5064 5104 
5072 1 5079 
5079 3 5072 7745 7742 
5082 2 5083 8642 
5083 4 5082 5084 492 5087 
5084 3 5083 5086 494 
5086 3 5084 1157 10442 
5087 3 5091 5083 11072 
5091 3 5087 5084 6594 
5094 3 503 3397 2557 
5101 2 5103 5882 
5103 1 5859 
5104 2 5105 4405 
5105 3 5104 5106 5945 
5106 4 5105 4405 5112 8858 
5112 3 5106 8866 8860 
5113 4 4863 7776 8049 8866 
5115 2 5120 8001 
5120 1 2480 
5127 2 697 5152 
5131 2 692 457 
5147 1 7344 
5149 2 7949 39 
5152 3 698 5127 355 
5153 2 5154 8139 
5154 2 5155 350 
5155 1 450 
5166 2 5171 4405 
5171 1 7036 
5174 2 11342 5188 
5188 2 5193 5236 
5193 2 5199 2956 
5199 2 5174 5207 
5207 3 5211 5174 5199 
5211 2 5207 5237 
5212 1 5213 
5213 1 1079 
5216 2 5217 2968 
5217 1 5219 
5219 2 2978 3025 
5220 3 8674 8222 4329 
5229 1 1056 
5230 2 5211 5238 
5236 2 3019 3023 
5237 2 5238 10760 
5238 1 5240 
5240 3 5241 5989 6675 
5241 2 5243 5987 
5243 2 5246 11940 
5246 2 1432 5984 
5261 3 8674 2952 10772 
5266 2 2952 5885 
5267 2 5269 6372 
5269 2 1809 10501 
5281 2 6452 10972 
5290 1 2663 
5331 1 4401 
5333 1 4873 
5369 2 1056 5553 
5370 4 6792 2733 11067 2731 
5372 3 5375 7221 1189 
5375 4 5372 1194 1185 1501 
5384 2 1551 7221 
5385 4 1551 5386 7203 7213 
5386 3 5385 5391 672 
5391 1 5386 
5397 4 5402 3924 3919 8557 
5402 1 5405 
5405 3 7817 7839 9983 
5406 4 4873 1263 5781 9067 
5425 3 5766 7814 5333 
5426 2 5431 1346 
5431 1 1344 
5448 3 3782 5457 7624 
5457 3 5448 1834 174 
5459 3 2955 10957 7614 
5463 1 2122 
5464 3 5468 2955 2104 
5468 2 1161 2548 
5470 2 2079 2095 
5471 3 5483 10160 10161 
5483 3 5471 5488 5533 
5488 3 5483 8210 5531 
5497 3 5529 6255 6253 
5529 3 5497 26 715 
5531 2 5488 5533 
5533 2 2803 5483 
5534 2 5547 8932 
5547 3 5534 10476 5593 
5553 3 5560 5369 6044 
5560 1 5563 
5563 4 1056 2673 1129 6047 
5583 3 5585 1277 10743 
5585 2 5583 8858 
5592 1 6530 
5593 3 5608 5614 5547 
5608 1 5593 
5614 1 5593 
5615 2 1198 2508 
5625 3 5630 5679 5650 
5630 3 5625 5634 5678 
5634 1 5630 
5650 3 4418 5625 5678 
5678 3 5630 5650 4416 
5679 1 5625 
5732 1 1521 
5760 1 1383 
5761 3 2328 4879 5766 
5766 2 5761 7806 
5781 3 5801 4879 5406 
5801 2 5781 2295 
5810 2 7055 4956 
5811 2 1695 1096 
5823 1 683 
5824 2 5120 8001 
5830 1 1113 
5832 2 5833 8223 
5833 3 5832 5834 2279 
5834 4 2278 2251 5836 5833 
5836 3 5834 8367 2276 
5839 3 5841 5882 5883 
5841 3 5839 5854 5845 
5845 3 5846 5841 5873 
5846 1 5845 
5849 3 5884 5851 5857 
5850 3 5851 5866 5880 
5851 4 5850 5854 5860 5849 
5854 3 5851 5841 11931 
5857 3 5849 5884 545 
5859 2 5860 1854 
5860 4 5859 5851 5862 5866 
5862 1 5860 
5866 3 5860 1861 5850 
5873 1 5845 
5880 1 5850 
5882 3 5101 5839 6705 
5883 3 5839 5884 6688 
5884 3 5883 5857 5849 
5885 3 507 6679 5101 
5891 2 677 706 
5893 1 341 
5906 1 11398 
5923 3 1572 1567 5936 
5936 1 5923 
5937 2 1566 388 
5945 3 5105 5948 8866 
5948 2 5945 5064 
5949 3 5951 8060 1277 
5951 2 5949 1281 
5959 1 2038 
5969 1 9357 
5982 4 3864 9253 858 9247 
5984 1 5985 
5985 2 5987 5243 
5987 1 5989 
5989 2 5230 5240 
5997 3 4791 6001 6004 
6001 2 5997 5824 
6004 3 4791 4799 5997 
6024 3 4603 2359 11019 
6025 1 2383 
6044 4 2669 4453 1170 5553 
6047 4 2669 5563 1127 11063 
6048 2 345 9097 
6052 3 2841 6055 2862 
6055 3 6052 6057 6562 
6057 2 6055 10401 
6058 3 1695 1363 4224 
6067 2 5553 5560 
6084 4 1970 6088 6089 6091 
6088 2 6084 6793 
6089 4 2861 6084 2853 6120 
6091 4 6084 1966 1400 1714 
6098 1 1169 
6101 4 2869 6110 2735 2835 
6103 2 6104 2858 
6104 2 6107 6111 
6107 3 6101 2733 6110 
6110 3 6111 2836 6107 
6111 2 6112 2837 
6112 2 2861 6103 
6120 3 6089 6052 6562 
6121 3 6122 6132 2836 
6122 2 2873 2835 
6126 2 2722 6136 
6130 2 6132 10400 
6132 3 1171 6121 2864 
6134 2 6126 2783 
6136 1 525 
6138 2 6126 6607 
6141 2 1230 2740 
6143 2 6144 8954 
6144 1 429 
6146 2 96 1207 
6152 1 67 
6159 3 80 101 8199 
6163 2 440 10457 
6164 2 1048 6989 
6189 3 3452 921 8295 
6227 2 7340 5830 
6241 3 6242 6248 6246 
6242 1 6241 
6244 3 6249 6250 6245 
6245 3 6246 6244 6248 
6246 3 6245 6241 6250 
6248 3 6245 3318 6241 
6249 1 6244 
6250 3 6244 6246 11740 
6253 2 6254 10160 
6254 1 6255 
6255 1 7220 
6256 2 6257 715 
6257 1 5497 
6260 2 1679 6609 
6281 2 1270 5801 
6303 3 729 9290 734 
6305 1 2695 
6327 1 6227 
6343 2 10724 3184 
6349 3 611 6365 10529 
6351 3 628 6358 623 
6358 1 6351 
6364 3 10573 6365 10561 
6365 3 6364 6349 612 
6366 3 6368 10918 7295 
6368 4 6366 6470 6471 4291 
6372 1 6377 
6377 3 2945 2270 8222 
6407 1 3946 
6408 1 1661 
6412 2 433 331 
6413 2 6414 8689 
6414 2 6415 334 
6415 2 397 8693 
6416 2 390 8701 
6448 2 6449 1639 
6449 2 5426 5431 
6452 2 6456 7692 
6456 2 6461 10972 
6461 2 7574 7578 
6463 4 476 510 6985 10144 
6469 3 510 3447 10529 
6470 3 6368 1216 10918 
6471 3 6368 4363 9648 
6475 4 2688 4601 6505 2571 
6500 3 3267 1341 6524 
6502 4 2730 2697 2727 4598 
6505 3 2697 2695 6475 
6524 3 6500 1124 7706 
6530 2 6533 8620 
6533 2 2322 1552 
6545 2 4239 1088 
6546 1 2694 
6555 1 1295 
6557 2 6558 6987 
6558 2 1790 8059 
6562 3 2851 6578 6120 
6563 4 6564 11072 1157 11085 
6564 2 5091 6594 
6573 2 6578 10401 
6578 4 7645 9458 6562 6057 
6590 2 5448 7624 
6594 1 6563 
6607 2 2804 6134 
6609 3 2616 6260 8800 
6610 3 703 1683 8798 
6613 1 1157 
6649 1 6655 
6655 3 6649 6837 6663 
6657 3 4016 6663 6805 
6663 2 6657 6655 
6668 3 6669 6682 6705 
6669 3 6668 6705 6702 
6670 3 6671 8702 6693 
6671 3 6670 6696 6699 
6675 3 6677 5240 4363 
6677 3 6675 10989 7282 
6678 1 6679 
6679 4 6678 5885 6682 6691 
6682 3 6683 6679 6668 
6683 4 6682 6684 6688 6691 
6684 3 6683 6693 6695 
6685 3 3390 6686 6750 
6686 3 6685 3405 3411 
6688 3 6683 6689 5883 
6689 1 6688 
6691 3 6683 6693 6679 
6693 3 6684 6670 6691 
6695 1 6684 
6696 1 6671 
6699 1 6671 
6702 1 6669 
6705 3 6668 5882 6669 
6714 3 1438 6720 6729 
6720 1 6714 
6729 2 6714 8441 
6732 1 625 
6748 1 6613 
6750 1 6685 
6751 1 1284 
6752 1 1285 
6753 3 6754 8199 7056 
6754 3 6753 10165 7055 
6765 3 812 3867 1297 
6790 1 9130 
6792 2 2940 2858 
6793 1 1714 
6805 1 6657 
6837 1 6655 
6856 2 6859 6861 
6859 3 6856 4031 4028 
6861 2 6856 6862 
6862 2 6861 6892 
6892 3 6862 4025 6895 
6895 2 4023 6892 
6937 2 6949 3242 
6949 1 6937 
6957 2 935 936 
6963 1 1047 
6972 3 869 1018 8643 
6985 3 6463 3486 3493 
6987 3 1291 598 6557 
6989 1 6164 
7000 2 290 289 
7017 1 4591 
7036 2 7037 7093 
7037 1 7103 
7039 2 3266 8254 
7040 2 7049 6327 
7049 2 7040 1113 
7055 3 102 10165 6754 
7056 3 5810 6753 4957 
7063 2 139 4741 
7077 3 7081 1364 7094 
7081 3 7077 7101 1368 
7082 4 7085 7095 7101 9521 
7085 3 7082 7089 9521 
7089 3 7085 1387 9487 
7093 2 7037 1389 
7094 3 7095 7077 11895 
7095 3 7094 7082 9493 
7101 3 7082 7081 9487 
7102 2 7103 1369 
7103 1 7743 
7127 2 7147 7138 
7138 2 7147 7776 
7147 1 1065 
7158 1 1616 
7166 2 7158 7127 
7178 1 2493 
7183 1 3064 
7184 2 2475 300 
7188 1 11328 
7196 1 3501 
7201 1 286 
7202 2 1524 5384 
7203 2 7209 5385 
7209 2 654 1357 
7213 1 5385 
7220 2 1191 6256 
7221 1 5372 
7227 2 7500 7645 
7228 3 1523 274 677 
7231 2 605 610 
7236 3 7237 7260 12212 
7237 3 7236 7238 12342 
7238 2 7237 8342 
7239 3 7242 3952 11853 
7242 1 7239 
7249 3 12328 7253 12350 
7250 3 7253 12350 11193 
7253 3 7250 7254 7249 
7254 3 7253 7258 12182 
7258 3 7254 7260 12177 
7260 3 7258 7236 12341 
7262 1 2456 
7272 1 7282 
7282 3 7272 6677 11941 
7283 1 7295 
7295 3 7283 6366 9648 
7296 2 3252 7302 
7302 2 3249 3246 
7337 2 2313 5830 
7340 2 7049 7337 
7344 2 7353 5115 
7353 1 7978 
7451 2 2533 46 
7487 1 7491 
7491 2 1822 3140 
7500 1 7509 
7509 1 7487 
7522 1 1217 
7555 2 7558 11040 
7558 2 7562 7588 
7562 1 7665 
7570 2 2953 6748 
7574 2 5266 7578 
7578 1 7583 
7583 1 7596 
7584 2 7588 7562 
7588 1 6613 
7595 4 7596 10501 1832 10972 
7596 2 7595 8674 
7614 1 10786 
7624 2 5448 1834 
7636 2 7641 7645 
7641 1 7522 
7645 2 7636 6578 
7665 2 7522 7227 
7677 2 7678 435 
7678 2 7680 436 
7680 2 414 438 
7684 2 2817 7188 
7692 2 7641 7636 
7706 2 1834 6524 
7719 2 4824 4813 
7721 3 794 7722 7739 
7722 3 7721 9671 9669 
7739 1 7721 
7742 2 7743 5079 
7743 4 1744 7744 5071 9502 
7744 1 7745 
7745 2 7747 5079 
7747 2 5113 8049 
7754 1 5425 
7759 4 1264 7762 1790 4181 
7762 2 7765 7806 
7765 1 7754 
7776 3 7878 7138 5113 
7806 1 7759 
7814 2 10031 7838 
7817 2 5425 7838 
7830 2 5406 9067 
7838 1 5405 
7839 3 5402 5397 9728 
7846 3 781 790 9668 
7850 2 7851 802 
7851 2 7852 9761 
7852 2 7854 9743 
7854 2 7856 9733 
7856 2 7857 9762 
7857 2 7859 9762 
7859 2 7861 9718 
7861 1 7846 
7866 2 7867 9978 
7867 2 780 9979 
7878 2 7776 1264 
7949 2 2498 134 
7978 1 2297 
7988 1 2594 
8001 2 16 8947 
8033 1 1166 
8044 1 579 
8047 2 575 467 
8049 1 5948 
8051 2 7743 7744 
8059 1 4854 
8060 2 8061 5949 
8061 2 4863 6555 
8124 1 2421 
8135 2 449 10155 
8139 2 349 10155 
8140 2 8142 8147 
8142 3 8140 8157 8158 
8144 2 8146 8153 
8146 2 8140 8160 
8147 4 906 907 10510 8148 
8148 2 8149 8157 
8149 1 8156 
8153 3 8154 8144 8162 
8154 1 8153 
8156 1 8149 
8157 3 8148 8142 10582 
8158 3 8142 639 10564 
8160 3 8146 8162 10563 
8162 3 8160 8164 8153 
8164 1 8162 
8165 1 8166 
8166 4 8165 8167 2664 8782 
8167 4 8166 2654 8170 8172 
8170 3 8167 8782 2653 
8172 2 8167 2664 
8174 2 9163 8351 
8183 1 4268 
8189 1 5267 
8199 4 6159 6753 8954 78 
8205 2 719 10643 
8207 2 8208 5529 
8208 2 8210 11234 
8210 3 1683 5488 1676 
8222 2 1823 5220 
8223 2 12169 2253 
8240 2 8241 357 
8241 2 2094 723 
8252 2 3260 8253 
8253 2 3258 7296 
8254 2 3263 8252 
8255 2 8207 720 
8258 2 2691 2935 
8260 2 8261 8304 
8261 2 8262 8287 
8262 2 8287 1019 
8263 2 857 9268 
8269 3 8261 8295 8260 
8276 2 873 8263 
8287 1 8276 
8295 3 8304 6189 8260 
8304 1 8261 
8329 2 8334 9210 
8334 1 8337 
8337 2 8338 2058 
8338 2 8340 12193 
8340 1 7238 
8342 2 8343 12212 
8343 2 1971 12208 
8345 2 6765 12216 
8351 3 8174 9201 3452 
8366 1 838 
8367 4 2251 5836 11098 5615 
8384 2 4325 9101 
8402 1 7039 
8424 2 8124 3245 
8428 2 8429 10434 
8429 1 1869 
8430 2 8431 10435 
8431 1 8433 
8433 1 8434 
8434 2 2510 8441 
8441 1 8442 
8442 2 8444 1445 
8444 1 8480 
8449 2 605 4262 
8453 1 8457 
8457 1 8464 
8460 1 8461 
8461 2 8457 8453 
8464 2 8466 8470 
8466 1 8467 
8467 2 8460 3026 
8468 2 8470 5188 
8470 2 8468 8466 
8480 2 2530 10282 
8516 1 8517 
8517 1 8402 
8521 1 3922 
8555 1 8556 
8556 3 8555 8557 9876 
8557 3 8556 5397 9890 
8562 2 4287 8581 
8565 2 4265 8581 
8581 1 4276 
8591 1 4453 
8620 4 1338 6530 2317 9801 
8622 1 871 
8642 1 10893 
8643 1 6972 
8644 1 865 
8647 1 866 
8648 3 864 862 8650 
8650 1 8648 
8664 2 931 12239 
8674 4 1832 5220 10772 5261 
8677 2 1402 1422 
8683 2 374 8135 
8689 1 11408 
8693 1 8701 
8701 1 5937 
8702 1 6670 
8766 1 3318 
8768 3 3345 9633 9634 
8782 4 2167 8170 8166 2529 
8798 3 2617 6610 2748 
8800 3 2605 6609 10228 
8802 3 348 368 383 
8806 2 346 6048 
8834 2 6303 9290 
8858 3 8860 5331 10743 
8860 2 8863 5112 
8863 2 8866 4863 
8866 4 8863 5945 5112 5113 
8878 1 197 
8914 2 4733 10103 
8915 1 8914 
8932 2 5534 10086 
8947 1 7178 
8948 1 134 
8954 1 8199 
8961 1 467 
8966 1 8967 
8967 2 8966 9072 
8975 1 8995 
8976 2 5290 8975 
8995 2 8976 9008 
9008 1 9034 
9009 2 8976 9008 
9034 2 9009 3811 
9045 1 9009 
9067 2 5406 3043 
9071 1 3338 
9072 2 9073 11429 
9073 1 9072 
9074 1 5025 
9097 2 9098 372 
9098 2 8683 343 
9101 1 9114 
9114 2 8516 8384 
9130 2 8329 9179 
9137 2 8430 10674 
9163 2 1997 787 
9179 1 9185 
9185 1 9163 
9201 2 9204 11199 
9204 2 9206 12317 
9206 2 9207 9221 
9207 2 9209 12315 
9209 2 8334 12318 
9210 2 9207 9221 
9221 1 8351 
9247 4 5982 807 12087 12094 
9253 3 3867 3870 812 
9268 2 9269 11851 
9269 1 9544 
9290 1 9302 
9302 2 4427 1124 
9357 1 9359 
9359 2 1619 788 
9437 2 2047 5959 
9458 2 9459 10411 
9459 1 9461 
9461 2 6563 11085 
9463 1 4918 
9480 1 9481 
9481 2 9480 1382 
9486 2 304 1508 
9487 3 7101 7089 9511 
9493 2 7095 9481 
9500 4 11895 9502 9585 9597 
9502 3 9500 9603 7743 
9511 1 9487 
9515 3 4895 9576 9583 
9521 3 9527 7085 7082 
9527 1 9521 
9534 2 849 9269 
9544 2 3951 11851 
9576 3 9515 9583 4892 
9583 3 9576 4894 9515 
9585 1 9500 
9597 1 9500 
9603 3 1364 9502 1369 
9613 1 9632 
9632 1 4959 
9633 2 8768 3185 
9634 2 8768 2223 
9648 2 7295 4357 
9657 3 637 9658 10521 
9658 3 636 10650 9657 
9659 3 1767 9661 10121 
9661 3 9659 9668 9781 
9668 3 9661 7846 9670 
9669 1 7722 
9670 1 9668 
9671 1 7722 
9672 3 1772 9680 9685 
9673 3 9674 9701 9703 
9674 1 9673 
9675 1 9676 
9676 3 9675 9680 9696 
9680 3 9676 9672 9696 
9685 1 9672 
9695 1 9696 
9696 3 9695 9680 9676 
9698 4 3918 9699 9782 9783 
9699 3 9698 9700 9784 
9700 1 9699 
9701 3 9673 9882 797 
9703 1 9673 
9714 1 3917 
9718 3 7859 9721 9766 
9721 1 9718 
9728 3 7839 9729 9827 
9729 3 9728 9730 9819 
9730 3 9729 9731 9909 
9731 3 9730 3310 9856 
9732 3 3310 801 9871 
9733 3 9742 7854 9769 
9742 1 9733 
9743 3 9753 7852 9775 
9753 1 9743 
9761 1 7851 
9762 3 7856 9763 7857 
9763 1 9762 
9766 1 9718 
9769 1 9733 
9775 1 9743 
9781 1 9661 
9782 1 9698 
9783 1 9698 
9784 3 9788 9699 9793 
9788 1 9784 
9793 1 9784 
9796 2 1333 9817 
9801 2 8620 5592 
9817 4 2314 1580 9796 404 
9819 1 9729 
9827 1 9728 
9828 1 3313 
9837 3 3311 9838 9842 
9838 3 9837 9842 9848 
9842 3 9838 9847 9837 
9847 1 9842 
9848 1 9838 
9849 1 3314 
9850 3 9851 9856 9870 
9851 3 9850 9880 9881 
9856 3 9731 9870 9850 
9870 3 9856 9850 9889 
9871 3 803 9872 9732 
9872 3 9871 9935 9906 
9876 1 8556 
9879 1 9880 
9880 3 9879 9851 9889 
9881 1 9851 
9882 3 9886 9890 9701 
9886 1 9882 
9889 3 9870 9880 799 
9890 3 9895 8557 9882 
9895 1 9890 
9906 1 9872 
9909 1 9730 
9935 1 9872 
9955 3 9986 9957 10019 
9957 3 9955 9958 9966 
9958 3 9957 9959 10017 
9959 3 9958 9960 9967 
9960 3 9959 9961 9968 
9961 3 9960 9962 9970 
9962 3 9961 9965 9978 
9965 1 9962 
9966 3 9967 9985 9957 
9967 3 9966 9968 9959 
9968 3 9967 9969 9960 
9969 3 9968 9970 10009 
9970 3 9969 9971 9961 
9971 1 9970 
9978 3 9962 9979 7866 
9979 3 9978 7867 10063 
9983 3 9984 5405 10037 
9984 3 9983 9985 9986 
9985 3 9984 9966 10009 
9986 3 9955 9984 9993 
9993 1 9986 
9994 1 9995 
9995 4 9994 9998 10010 10015 
9998 3 9995 9999 10063 
9999 3 9998 10000 10062 
10000 4 9999 10005 10008 10015 
10005 3 10000 10008 10027 
10008 3 10005 10017 10000 
10009 3 9985 10037 9969 
10010 1 9995 
10015 3 9995 10000 4176 
10017 3 10019 9958 10008 
10019 3 10017 10021 9955 
10021 1 10019 
10022 1 10027 
10027 3 10022 10031 10005 
10031 3 10027 10032 7814 
10032 3 10031 10060 10054 
10037 3 10009 9983 3317 
10053 1 4176 
10054 3 10059 10032 11297 
10059 1 10054 
10060 1 10032 
10062 1 9999 
10063 3 9998 9979 10070 
10070 1 10063 
10073 1 3921 
10082 2 10086 8932 
10086 1 8915 
10103 2 10106 10082 
10106 1 8915 
10121 1 9659 
10130 2 5811 686 
10142 3 10525 643 10529 
10144 3 10145 3497 6463 
10145 3 10144 467 3487 
10146 3 1899 3493 3499 
10149 4 818 907 8144 643 
10155 1 11328 
10159 3 1357 1359 11287 
10160 2 5471 4224 
10161 1 5471 
10165 1 6159 
10228 3 8800 2618 2607 
10238 3 1482 4739 10513 
10269 2 941 874 
10275 1 10276 
10276 2 6729 8433 
10282 1 10283 
10283 2 8044 10275 
10304 1 11429 
10382 1 182 
10400 2 6130 2878 
10401 2 6573 2865 
10402 2 6793 2940 
10411 2 9459 1157 
10434 2 1900 8429 
10435 2 1865 8431 
10442 3 3397 5086 499 
10448 2 2557 7584 
10453 2 6163 96 
10457 1 423 
10463 2 362 1213 
10476 2 5547 4733 
10501 1 5281 
10510 1 8147 
10512 1 906 
10513 1 10238 
10518 3 614 10521 10562 
10521 2 9657 10518 
10525 1 10142 
10529 4 10142 476 6469 6349 
10561 3 6364 614 10562 
10562 3 10561 10518 10653 
10563 3 8160 10564 10565 
10564 3 10563 8158 640 
10565 1 10563 
10573 1 6364 
10576 1 613 
10577 3 2699 1922 3447 
10582 3 10583 636 8157 
10583 1 10582 
10614 2 6254 1363 
10643 2 8240 359 
10649 2 400 414 
10650 1 9658 
10653 1 10562 
10667 1 835 
10674 1 4249 
10675 2 10676 4259 
10676 2 10679 12487 
10679 1 7231 
10685 2 519 1934 
10711 1 4574 
10718 2 10711 3897 
10722 1 2651 
10723 1 10722 
10724 2 3176 10723 
10743 2 5583 4862 
10747 2 4288 1402 
10760 4 6471 1408 5237 2337 
10772 2 5261 7570 
10777 2 7614 2955 
10786 2 10791 10795 
10791 1 10777 
10795 2 10799 11101 
10799 2 10862 11098 
10862 3 2406 10799 11103 
10893 2 8033 489 
10917 1 2383 
10918 3 6470 2459 6366 
10957 1 2283 
10972 3 7595 6456 5281 
10980 4 4362 10981 10983 10988 
10981 1 10980 
10983 3 10980 4357 10988 
10988 3 10980 10989 10983 
10989 3 10988 4357 6677 
11019 3 2126 11020 6024 
11020 3 11019 2441 11088 
11040 1 7583 
11063 2 1714 1126 
11067 3 2920 1091 5370 
11072 3 6563 1966 5087 
11085 1 2850 
11088 1 11020 
11098 3 11101 10799 8367 
11101 2 10791 10795 
11103 1 10862 
11193 3 11194 11203 7250 
11194 3 11193 11195 12182 
11195 3 11194 11198 11855 
11198 4 11195 11199 12314 12185 
11199 3 11198 9201 11858 
11200 3 11201 11854 11855 
11201 3 11200 11202 11203 
11202 1 11201 
11203 3 11201 11854 11193 
11217 2 283 3109 
11229 3 3164 11230 11233 
11230 1 11229 
11233 1 11229 
11234 1 8255 
11238 2 130 134 
11262 1 4799 
11287 1 10159 
11297 1 10054 
11328 3 349 7677 2817 
11342 2 581 8468 
11384 2 11387 11402 
11387 2 5936 1569 
11398 2 11591 11592 
11399 1 1355 
11402 1 11404 
11404 3 11402 1576 11387 
11408 2 6414 8693 
11422 1 1347 
11429 2 8967 12258 
11552 1 11399 
11590 2 11591 11592 
11591 1 6412 
11592 1 11816 
11648 2 1895 581 
11657 2 1504 7202 
11740 2 4140 6250 
11805 2 1513 11815 
11815 1 11590 
11816 2 9493 11552 
11851 2 1303 9544 
11853 3 7239 11854 12352 
11854 3 11853 11200 11203 
11855 3 11200 11856 11195 
11856 3 11855 11858 12352 
11858 3 11856 3452 11199 
11884 1 4959 
11895 3 7094 1795 9500 
11906 2 3889 1601 
11919 1 11923 
11923 3 4494 12258 12254 
11931 1 5854 
11940 2 11941 11942 
11941 2 11942 7282 
11942 1 1432 
12005 3 3344 4658 3318 
12061 1 4799 
12067 1 2587 
12087 1 9247 
12094 1 9247 
12098 1 807 
12169 3 2281 2253 12171 
12171 3 2249 2104 12169 
12177 3 7258 12182 12325 
12182 3 12177 11194 7254 
12185 3 11198 12186 12188 
12186 3 12185 12187 12319 
12187 1 12186 
12188 4 12185 12190 12319 12325 
12190 3 12188 12193 12194 
12191 1 12315 
12193 3 12190 12325 8338 
12194 3 12190 12196 12316 
12196 3 12194 12315 12317 
12207 3 12208 12212 12340 
12208 3 12207 12217 8343 
12212 3 12207 7236 8342 
12216 3 8345 12217 1297 
12217 3 12216 12208 12305 
12224 1 1733 
12239 1 8664 
12248 2 61 6152 
12254 1 11923 
12258 1 3342 
12276 2 3538 11919 
12305 4 12217 12306 1299 12340 
12306 3 12305 12335 1301 
12314 1 11198 
12315 3 12196 9207 12191 
12316 3 12194 12317 12319 
12317 3 12196 9204 12316 
12318 1 9209 
12319 3 12186 12316 12188 
12325 3 12188 12177 12193 
12327 1 3952 
12328 3 7249 1302 12335 
12335 3 12306 12328 12340 
12340 3 12207 12335 12305 
12341 1 7260 
12342 1 7237 
12350 3 7250 12351 7249 
12351 1 12350 
12352 3 11856 12363 11853 
12363 1 12352 
12395 3 856 12396 849 
12396 1 12395 
12447 3 2730 12448 2929 
12448 1 12447 
12487 5 10679 10675 3471 6790 7196 
12503 1 9137 
12511 1 1961 
12512 1 817 
12515 1 3891 
12521 1 3340 
12522 1 12523 
12523 2 12522 12524 
12524 4 12523 12525 12541 12540 
12529 1 12528 
12528 2 12529 12533 
12527 2 12526 12533 
12526 2 12527 12525 
12525 2 12526 12524 
12533 4 12527 12528 12534 12532 
12536 1 12535 
12535 2 12536 12534 
12534 2 12535 12533 
12532 2 12533 12531 
12531 2 12532 12530 
12530 2 12531 12537 
12538 1 12537 
12537 2 12538 12530 
12543 1 12542 
12542 2 12543 12541 
12541 2 12542 12524 
12540 2 12524 12539 
12539 1 12540 
