2242
1 3 8 1353 4491 
8 4 1 1353 3222 4501 
14 4 16 2477 2480 8947 
16 3 14 5147 8001 
17 3 25 37 5149 
25 3 17 2297 2300 
26 4 27 699 719 5529 
27 4 26 29 554 8205 
29 4 27 362 7677 7684 
30 4 36 61 108 2602 
36 4 30 114 2302 3896 
37 3 17 38 3896 
38 3 37 39 40 
39 4 38 126 5149 11238 
40 3 38 112 126 
43 3 46 56 67 
46 4 43 47 53 7451 
47 3 46 1120 2536 
53 4 46 56 1120 4996 
56 4 43 53 59 4994 
59 3 56 60 2600 
60 3 59 61 2600 
61 3 30 60 12248 
67 3 43 6152 7451 
70 3 77 4989 4991 
77 3 70 4991 4994 
78 3 80 429 8199 
80 4 78 100 6146 6159 
81 4 88 2168 4663 6327 
88 3 81 4660 4956 
96 4 100 4989 6146 10453 
100 4 80 96 101 4991 
101 4 100 102 4994 6159 
102 4 101 104 4996 7055 
104 4 102 107 4999 5810 
107 4 104 2500 4956 7040 
108 3 30 2302 6152 
112 4 40 114 123 3896 
114 4 36 112 2599 2602 
122 1 123 
123 4 112 122 377 2599 
124 1 126 
126 4 39 40 124 130 
127 3 128 132 133 
128 3 127 129 130 
129 1 128 
130 4 126 128 133 11238 
131 1 132 
132 3 127 131 135 
133 4 127 130 134 2595 
134 4 133 7949 8948 11238 
135 1 132 
139 4 140 2579 4741 7063 
140 3 139 144 11262 
144 2 140 4759 
145 3 148 167 327 
148 1 145 
149 3 150 167 4741 
150 3 149 151 248 
151 3 150 152 330 
152 3 151 153 323 
153 4 152 154 339 3381 
154 3 153 155 338 
155 4 154 156 337 347 
156 4 155 157 336 346 
157 4 156 158 335 345 
158 4 157 159 334 344 
159 4 158 160 333 343 
160 4 159 332 342 5893 
167 3 145 149 7063 
169 3 173 197 297 
173 3 169 185 6590 
174 3 182 1341 5457 
182 3 174 183 10382 
183 3 182 185 230 
185 4 173 183 3763 8878 
197 3 169 2474 8878 
228 3 229 230 3062 
229 3 228 230 4948 
230 4 183 228 229 3763 
241 3 247 252 3062 
247 3 241 3076 7184 
248 4 150 249 327 330 
249 3 248 250 326 
250 4 249 263 313 3371 
252 2 241 3064 
258 5 259 261 281 283 301 
259 4 258 289 300 11217 
260 3 261 281 3371 
261 3 258 260 313 
262 4 263 339 352 390 
263 4 250 262 322 323 
267 4 269 668 1498 1718 
269 4 267 270 672 1499 
270 4 269 271 673 1374 
271 4 270 272 1525 1526 
272 4 271 273 1545 11657 
273 4 272 274 1504 1506 
274 4 273 275 1506 7228 
275 3 274 276 1522 
276 4 275 277 1548 1577 
277 3 276 1447 1448 
278 3 279 1564 3362 
279 4 278 280 310 353 
280 4 279 281 3365 3367 
281 3 258 260 280 
283 3 258 313 11217 
285 3 286 288 301 
286 4 285 287 312 7201 
287 2 286 288 
288 4 285 287 289 290 
289 4 259 288 301 7000 
290 3 288 291 7000 
291 3 290 295 298 
295 3 291 297 2642 
297 3 169 295 2642 
298 4 291 300 2475 7000 
300 3 259 298 7184 
301 4 258 285 289 3367 
302 3 304 1508 11399 
304 3 302 308 9486 
308 3 304 1546 1579 
310 4 279 312 3363 3367 
312 3 286 310 3372 
313 4 250 261 283 326 
321 3 322 352 353 
322 3 263 321 3365 
323 4 152 263 330 339 
326 3 249 313 327 
327 3 145 248 326 
330 3 151 248 323 
331 3 332 5893 6412 
332 4 160 331 333 433 
333 4 159 332 334 6413 
334 4 158 333 335 6414 
335 4 157 334 336 6415 
336 4 156 335 337 397 
337 4 155 336 338 6416 
338 4 154 337 339 390 
339 4 153 262 323 338 
341 3 342 5893 8135 
342 4 160 341 343 8683 
343 4 159 342 344 9098 
344 4 158 343 345 9097 
345 4 157 344 346 6048 
346 4 156 345 347 8806 
347 4 155 346 348 383 
348 3 347 3381 8802 
349 4 350 7678 8139 11328 
350 4 349 351 5154 7680 
351 4 350 414 461 10649 
352 3 262 321 389 
353 3 279 321 1564 
355 3 356 2828 5152 
356 6 355 698 1450 1523 1548 5891 
357 3 359 6143 8240 
359 4 357 362 1213 10643 
362 4 29 359 8205 10463 
363 1 364 
364 4 363 379 381 396 
365 1 366 
366 4 365 367 3381 8802 
367 3 366 368 381 
368 3 367 369 8802 
369 4 368 370 382 383 
370 4 369 371 441 8806 
371 4 370 372 442 6048 
372 4 371 373 443 9097 
373 4 372 374 444 9098 
374 3 373 448 8683 
375 3 377 393 2599 
377 4 123 375 379 394 
379 3 364 377 395 
381 3 364 367 382 
382 3 369 381 441 
383 4 347 369 8802 8806 
388 3 389 1564 5937 
389 3 352 388 390 
390 4 262 338 389 6416 
393 4 375 394 403 440 
394 4 377 393 395 400 
395 4 379 394 396 401 
396 4 364 395 441 452 
397 3 336 6415 6416 
400 4 394 401 403 10649 
401 4 395 400 402 460 
402 3 401 451 452 
403 3 393 400 414 
404 3 410 1389 9817 
410 3 404 412 422 
412 3 410 413 1562 
413 4 412 422 1513 11815 
414 5 351 403 439 7680 10649 
422 3 410 413 1382 
423 4 426 438 10457 10463 
426 4 423 429 1207 1213 
429 4 78 426 6144 6146 
433 4 332 6412 6413 8689 
435 3 436 7677 10463 
436 3 435 438 7678 
438 4 423 436 439 7680 
439 4 414 438 440 10457 
440 3 393 439 6163 
441 4 370 382 396 442 
442 4 371 441 443 452 
443 4 372 442 444 451 
444 4 373 443 448 450 
448 4 374 444 449 5154 
449 3 448 5153 8135 
450 3 444 451 5155 
451 4 402 443 450 460 
452 3 396 402 442 
453 3 455 1176 1194 
455 4 453 456 710 713 
456 4 455 457 690 692 
457 4 456 458 1174 5131 
458 3 457 1173 2822 
460 4 401 451 461 10649 
461 3 351 460 5155 
467 3 8047 8961 10145 
469 1 476 
476 4 469 3487 6463 10529 
482 4 686 1096 1601 5823 
489 5 492 4247 4276 8033 10893 
492 3 489 494 5083 
494 3 492 499 5084 
499 4 494 500 3384 10442 
500 4 499 502 3385 3397 
502 3 500 503 3386 
503 4 502 507 2557 5094 
507 4 503 522 5885 10448 
509 5 723 1235 1716 2745 2749 
510 3 513 6463 6469 
513 4 510 515 3439 3486 
515 3 513 518 3507 
518 3 515 519 1934 
519 3 518 522 10685 
522 3 507 519 5101 
525 3 538 2720 6136 
538 3 525 3116 7574 
540 3 543 1861 1864 
543 3 540 545 2966 
545 3 543 548 5857 
548 3 545 550 2969 
550 3 548 551 2970 
551 3 550 553 2972 
553 5 551 2959 2972 4329 5220 
554 4 27 699 1174 2817 
562 3 568 2170 4075 
568 3 562 571 4567 
571 2 568 3206 
575 3 578 3497 8047 
578 3 575 579 3499 
579 4 578 580 3438 8044 
580 3 579 581 1895 
581 5 580 8044 10275 11342 11648 
585 3 588 1139 2281 
588 5 585 1165 2108 2242 2253 
590 3 592 1684 4960 
592 3 590 1736 4930 
593 3 598 1790 7759 
598 4 593 601 1264 6987 
601 4 598 1285 1291 4863 
605 3 610 7231 8449 
610 3 605 3417 7231 
611 3 612 628 6349 
612 3 611 613 6365 
613 3 612 614 10576 
614 4 613 10518 10521 10561 
615 1 623 
623 3 615 625 6351 
625 3 623 627 6732 
627 3 625 628 630 
628 3 611 627 6351 
630 1 627 
631 1 636 
636 4 631 637 9658 10582 
637 3 636 639 9657 
639 3 637 640 8158 
640 3 639 641 10564 
641 1 640 
642 1 643 
643 3 642 10142 10149 
654 4 655 1695 1725 7209 
655 4 654 662 1695 10130 
662 3 655 683 686 
668 3 267 672 1725 
672 4 269 668 673 5386 
673 4 270 672 1525 7203 
677 4 1195 1503 5891 7228 
683 4 662 767 1725 5823 
686 3 482 662 10130 
690 4 456 699 713 1174 
692 4 456 694 710 5131 
694 3 692 697 708 
697 3 694 698 5127 
698 4 356 697 706 5152 
699 4 26 554 690 715 
701 3 702 2745 2748 
702 4 701 703 1716 8798 
703 4 702 1717 6610 11234 
706 3 698 708 5891 
708 3 694 706 709 
709 3 708 710 1195 
710 4 455 692 709 1194 
713 4 455 690 715 1176 
715 5 699 713 5529 6256 6257 
719 4 26 720 8205 8207 
720 4 719 721 8255 10643 
721 4 720 723 1717 8240 
723 4 509 721 1716 8241 
729 2 734 6303 
734 3 729 735 6303 
735 3 734 3267 6303 
767 3 683 1684 1695 
780 5 1611 4180 4181 4844 7867 
781 3 786 1761 7846 
786 4 781 1346 1761 1789 
787 3 788 9163 9357 
788 3 787 1604 9359 
790 3 791 1346 7846 
791 3 790 792 7861 
792 3 791 794 3917 
794 3 792 797 7721 
797 3 794 799 9701 
799 3 797 801 9889 
801 3 799 802 9732 
802 3 801 803 7850 
803 3 802 806 9871 
806 5 803 1611 3317 7850 7866 
807 3 1303 9247 12098 
812 3 817 6765 9253 
817 4 812 2037 5982 12512 
818 3 846 2699 10149 
832 3 834 905 992 
834 3 832 839 3452 
835 3 838 878 10667 
838 3 835 942 8366 
839 3 834 846 3471 
846 4 818 839 905 971 
849 3 856 9534 12395 
856 3 849 857 12395 
857 3 856 8263 8269 
858 5 862 1005 3849 4699 5982 
862 3 858 864 8648 
864 3 862 865 8648 
865 3 864 866 8644 
866 3 865 869 8647 
869 3 866 871 6972 
871 3 869 873 8622 
873 3 871 8263 8276 
874 2 878 10269 
878 4 835 874 884 901 
884 4 878 886 942 944 
886 4 884 890 971 995 
890 4 886 903 905 975 
893 1 896 
896 4 893 897 933 999 
897 4 896 901 937 945 
901 3 878 897 941 
902 3 903 999 1001 
903 4 890 902 975 983 
905 3 832 846 890 
906 3 907 8147 10512 
907 3 906 8147 10149 
908 2 933 934 
921 3 931 992 6189 
931 3 921 933 8664 
933 3 896 908 931 
934 2 908 935 
935 3 934 936 6957 
936 3 935 937 6957 
937 3 897 936 941 
941 3 901 937 10269 
942 3 838 884 971 
944 3 884 945 981 
945 4 897 944 997 999 
971 3 846 886 942 
975 3 890 903 992 
981 3 944 983 995 
983 4 903 981 995 999 
992 3 832 921 975 
993 1 995 
995 4 886 981 983 993 
997 1 945 
999 4 896 902 945 983 
1001 1 902 
1005 5 858 1018 1304 3849 4246 
1018 4 1005 1019 1304 6972 
1019 4 1018 1048 6963 8262 
1047 2 1048 6963 
1048 4 1019 1047 1304 6164 
1052 3 1869 2037 3857 
1056 5 1064 5212 5229 5369 5563 
1064 3 1056 1073 1601 
1065 3 1073 1601 7147 
1073 4 1064 1065 5213 5229 
1079 3 5213 7127 7158 
1088 4 1091 1232 2731 6545 
1091 4 1088 1096 2845 11067 
1096 4 482 1091 1129 5811 
1104 3 1983 2042 12503 
1113 3 1120 5830 7049 
1120 4 47 53 1113 2500 
1124 3 1125 6524 9302 
1125 4 1124 1315 1332 1451 
1126 3 1127 2920 11063 
1127 4 1126 1129 2921 6047 
1129 4 1096 1127 1136 5563 
1136 1 1129 
1139 3 585 1165 1815 
1157 5 5086 6563 6613 7555 10411 
1158 3 1160 2091 4638 
1160 4 1158 1161 2089 2548 
1161 4 1160 1162 2088 5468 
1162 4 1161 1165 2087 2108 
1165 5 588 1139 1162 2082 2086 
1166 4 1169 1394 8033 8642 
1169 4 1166 1170 1395 6098 
1170 4 1169 1396 1713 6044 
1171 4 1172 2865 6132 10400 
1172 3 1171 1223 6573 
1173 3 458 1174 2817 
1174 4 457 554 690 1173 
1176 3 453 713 1185 
1185 3 1176 1189 5375 
1189 3 1185 1191 5372 
1191 3 1189 1549 7220 
1194 4 453 710 1195 5375 
1195 3 677 709 1194 
1198 3 1199 2384 5615 
1199 4 1198 1200 2385 2508 
1200 4 1199 1216 1422 2386 
1206 4 2620 2831 2951 6141 
1207 3 426 6146 6163 
1213 4 359 426 6144 10463 
1214 3 1216 4289 4291 
1216 4 1200 1214 2358 6470 
1217 3 1223 2720 7522 
1223 4 1172 1217 1224 2720 
1224 3 1223 1225 2878 
1225 4 1224 1227 2722 2876 
1227 4 1225 1228 2725 2873 
1228 4 1227 1230 2832 2834 
1230 4 1228 1232 2869 6141 
1232 4 1088 1230 2736 2740 
1235 3 509 1237 2749 
1237 5 1235 2077 2094 2117 2781 
1261 3 1263 1332 1482 
1263 5 1261 1315 2295 4739 5406 
1264 5 598 1269 1282 7759 7878 
1269 1 1264 
1270 3 1274 1790 6281 
1274 4 1270 1277 4854 4862 
1277 4 1274 1281 5583 5949 
1281 3 1277 5585 5951 
1282 3 1264 1284 7878 
1284 3 1282 1285 6751 
1285 3 601 1284 6752 
1291 3 601 1295 6987 
1295 3 1291 6555 6557 
1297 3 1299 6765 12216 
1299 3 1297 1301 12305 
1301 3 1299 1302 12306 
1302 3 1301 1303 12328 
1303 3 807 1302 11851 
1304 3 1005 1018 1048 
1315 4 1125 1263 1332 1521 
1332 4 1125 1261 1315 3796 
1333 3 1338 4837 9796 
1338 4 1333 1340 4383 8620 
1340 5 1338 1835 2289 4386 9801 
1341 4 174 1834 5457 6500 
1344 3 1346 4388 5431 
1346 4 786 790 1344 5426 
1347 3 1353 3532 11422 
1353 3 1 8 1347 
1355 3 1356 4926 11399 
1356 3 1355 1372 1537 
1357 3 1359 7209 10159 
1359 4 1357 1361 1695 10159 
1361 3 1359 1363 1378 
1363 4 1361 2680 6058 10614 
1364 3 1368 7077 9603 
1368 3 1364 1369 7081 
1369 4 1368 1370 7102 9603 
1370 1 1369 
1371 1 1372 
1372 4 1356 1371 1373 1543 
1373 4 1372 1374 1535 1537 
1374 4 270 1373 1499 1526 
1378 3 1361 1695 6058 
1382 3 422 1383 9481 
1383 3 1382 1387 5760 
1387 3 1383 1389 7089 
1389 4 404 1387 1393 7093 
1393 2 1389 5171 
1394 3 1166 1395 1397 
1395 4 1169 1394 1396 1400 
1396 3 1170 1395 1401 
1397 3 1394 1400 1966 
1400 4 1395 1397 1401 6091 
1401 3 1396 1400 1714 
1402 6 1408 1414 1422 2942 8677 10747 
1408 7 1402 1415 2945 2956 2958 5199 10760 
1414 3 1402 1415 2337 
1415 3 1408 1414 2337 
1422 4 1200 1402 4288 8677 
1424 3 1431 4288 4289 
1431 3 1424 4291 10747 
1432 4 1438 5246 5984 11942 
1438 3 1432 1445 6714 
1445 3 1438 8442 8444 
1446 3 1447 1542 1547 
1447 3 277 1446 1577 
1448 3 277 1450 1548 
1450 3 356 1448 5906 
1451 6 1125 3768 3782 4396 4825 7706 
1464 3 1469 3768 4386 
1469 3 1464 4813 7719 
1470 3 1479 1790 4879 
1479 3 1470 1790 6281 
1482 3 1261 1484 10238 
1484 3 1482 1838 4409 
1488 3 1496 1839 4914 
1496 3 1488 1839 1851 
1498 3 267 1499 1803 
1499 4 269 1374 1498 1535 
1501 2 1503 5375 
1503 4 677 1501 1504 7202 
1504 4 273 1503 7228 11657 
1506 4 273 274 1507 1545 
1507 4 1506 1508 1537 1542 
1508 3 302 1507 9486 
1513 3 413 1562 11805 
1521 3 1315 4416 5732 
1522 3 275 1523 1548 
1523 4 356 1522 5891 7228 
1524 4 1525 1551 7202 7203 
1525 4 271 673 1524 11657 
1526 3 271 1374 1545 
1535 3 1373 1499 1543 
1537 4 1356 1373 1507 1545 
1542 4 1446 1507 1577 1578 
1543 3 1372 1535 4926 
1545 4 272 1506 1526 1537 
1546 3 308 1547 1579 
1547 3 1446 1546 1578 
1548 4 276 356 1448 1522 
1549 2 1191 1551 
1551 4 1524 1549 5384 5385 
1552 3 2314 2322 6533 
1562 3 412 1513 4964 
1564 4 278 353 388 1566 
1566 3 1564 1567 5937 
1567 3 1566 1569 5923 
1569 4 1567 11384 11387 11408 
1572 3 1573 3362 5923 
1573 3 1572 1576 3363 
1576 3 1573 3372 11404 
1577 3 276 1447 1542 
1578 4 1542 1547 1579 9486 
1579 3 308 1546 1578 
1580 3 1585 4964 9817 
1585 4 1580 3073 4914 4964 
1601 7 482 1064 1065 3883 3889 5823 11906 
1604 3 788 1611 1750 
1611 3 780 806 1604 
1614 3 1615 1735 5969 
1615 4 1614 2005 2009 2044 
1616 3 1618 1627 7158 
1618 3 1616 1619 2021 
1619 3 1618 1627 9359 
1627 3 1616 1619 1733 
1628 3 1629 1651 1750 
1629 3 1628 1842 7166 
1633 3 1634 1734 4181 
1634 3 1633 1735 1882 
1635 3 1639 1789 5426 
1639 4 1635 1641 3860 6448 
1641 2 1639 4700 
1651 2 1628 1772 
1661 3 4382 6407 6408 
1662 2 1674 4246 
1674 2 1662 4733 
1676 3 1679 5531 8210 
1679 4 1676 1683 2616 6260 
1683 4 1679 6610 8210 11234 
1684 5 590 767 1718 3891 4888 
1695 8 654 655 767 1359 1378 1718 5811 6058 
1713 3 1170 1714 2675 
1714 7 1401 1713 2674 6091 6793 10402 11063 
1716 4 509 702 723 1717 
1717 4 703 721 1716 8255 
1718 4 267 1684 1695 1725 
1725 4 654 668 683 1718 
1733 3 1627 1734 12224 
1734 3 1633 1733 1735 
1735 3 1614 1634 1734 
1736 4 592 1744 4960 7742 
1744 3 1736 4892 7743 
1750 3 1604 1628 1842 
1761 4 781 786 1767 1784 
1767 3 1761 1772 9659 
1772 3 1651 1767 9672 
1777 3 1784 2021 3950 
1784 4 1761 1777 1789 1981 
1789 4 786 1635 1784 1981 
1790 8 593 1270 1470 1479 5761 6558 7759 8059 
1795 4 4895 9493 11552 11895 
1803 3 1498 4888 4930 
1809 4 1814 1832 2275 5269 
1814 3 1809 1825 6372 
1815 3 1139 1822 3140 
1822 3 1815 7491 8189 
1823 3 1825 2388 8222 
1825 3 1814 1823 1832 
1832 5 1809 1825 7595 8674 10501 
1834 4 1341 5457 7624 7706 
1835 3 1340 1838 4739 
1838 3 1484 1835 4386 
1839 3 1488 1496 4918 
1842 3 1629 1750 4181 
1851 3 1496 3372 11805 
1854 3 1861 1910 5859 
1861 4 540 1854 1904 5866 
1864 3 540 1865 10435 
1865 3 1864 1867 10435 
1867 3 1865 2992 11648 
1869 3 1052 8429 9179 
1882 3 1634 1883 8174 
1883 3 1882 1885 2015 
1885 3 1883 2013 12503 
1895 3 580 1897 11648 
1897 3 1895 1898 3499 
1898 3 1897 1899 10434 
1899 3 1898 1900 10146 
1900 3 1899 1901 10434 
1901 3 1900 1904 3493 
1904 3 1861 1901 1910 
1910 3 1854 1904 3507 
1911 2 1951 4276 
1918 2 1920 4260 
1920 3 1918 1921 3501 
1921 3 1920 1922 3472 
1922 3 1921 1951 10577 
1934 3 518 1939 10685 
1939 3 1934 1941 3451 
1941 3 1939 1942 3424 
1942 3 1941 3425 12487 
1951 3 1911 1922 1954 
1954 3 1951 7196 12487 
1961 3 2020 10674 12511 
1966 5 1397 1970 5082 6091 11072 
1970 4 1966 2851 6084 6120 
1971 3 1978 8343 8345 
1978 3 1971 2047 2057 
1981 3 1784 1789 1983 
1983 3 1104 1981 3948 
1996 3 1997 2072 9163 
1997 3 1996 1999 9163 
1999 3 1997 2005 2009 
2005 3 1615 1999 9437 
2009 3 1615 1999 2013 
2013 3 1885 2009 2015 
2015 3 1883 2013 2019 
2019 3 2015 2020 2072 
2020 3 1961 2019 2069 
2021 3 1618 1777 3950 
2037 2 817 1052 
2038 3 2042 2044 5959 
2042 3 1104 2038 2044 
2044 4 1615 2038 2042 5969 
2047 4 1978 3950 6765 9437 
2057 3 1978 2058 8340 
2058 3 2057 2069 8337 
2069 3 2020 2058 2072 
2072 3 1996 2019 2069 
2077 5 1237 2082 2085 2117 2120 
2078 3 2079 2092 2095 
2079 4 2078 2080 2123 5470 
2080 4 2079 2081 2122 5470 
2081 3 2080 2082 2115 
2082 5 1165 2077 2081 2085 2121 
2085 3 2077 2082 2624 
2086 3 1165 2087 2121 
2087 4 1162 2086 2088 2115 
2088 4 1161 2087 2089 5463 
2089 4 1160 2088 2091 2547 
2091 3 1158 2089 2092 
2092 3 2078 2091 2093 
2093 3 2092 2123 2547 
2094 3 1237 2095 8241 
2095 3 2078 2094 5470 
2104 3 2108 5464 12171 
2108 4 588 1162 2104 5468 
2115 4 2081 2087 2121 2122 
2117 3 1237 2077 2120 
2120 3 2077 2117 5470 
2121 3 2082 2086 2115 
2122 4 2080 2115 2123 5463 
2123 3 2079 2093 2122 
2124 4 2288 2355 4145 4640 
2126 3 2441 4603 11019 
2167 3 2168 2313 8782 
2168 3 81 2167 2169 
2169 3 2168 2529 6343 
2170 3 562 2176 3185 
2176 3 2170 2224 10718 
2177 3 2195 2223 4140 
2190 3 2195 3631 4172 
2195 3 2177 2190 2217 
2196 3 2206 2223 4658 
2206 3 2196 2216 2236 
2216 3 2206 2224 11740 
2217 3 2195 4145 4172 
2223 4 2177 2196 2237 9634 
2224 3 2176 2216 2236 
2236 3 2206 2224 2237 
2237 3 2223 2236 9634 
2242 3 588 2249 12171 
2249 3 2242 2251 12171 
2251 4 2249 5832 5834 8367 
2253 3 588 8223 12169 
2270 3 2275 2276 6377 
2275 3 1809 2270 2281 
2276 3 2270 2278 5836 
2278 3 2276 2279 5834 
2279 3 2278 2281 5833 
2281 4 585 2275 2279 12169 
2283 3 2288 4588 10957 
2288 4 2124 2283 3914 4588 
2289 3 1340 2295 4401 
2295 4 1263 2289 5801 6281 
2297 2 25 7978 
2300 3 25 2302 3896 
2302 3 36 108 2300 
2303 3 2313 2543 5290 
2313 5 2167 2303 2664 5830 7337 
2314 3 1552 2317 9817 
2317 3 2314 8620 9796 
2322 3 1552 5166 6533 
2328 3 4873 4879 5761 
2337 4 1414 1415 4291 10760 
2355 3 2124 4591 6305 
2358 3 1216 2366 2386 
2359 5 2360 2366 2576 4602 6024 
2360 3 2359 2578 4602 
2366 4 2358 2359 2374 2375 
2374 3 2366 2375 2400 
2375 3 2366 2374 2395 
2382 3 2383 2576 2688 
2383 3 2382 6025 10917 
2384 3 1198 2385 2402 
2385 4 1199 2384 2386 2401 
2386 4 1200 2358 2385 2400 
2388 2 1823 2389 
2389 2 2388 5281 
2391 2 2395 2461 
2395 3 2375 2391 2459 
2400 3 2374 2386 2401 
2401 3 2385 2400 2402 
2402 3 2384 2401 2406 
2406 3 2402 2410 10862 
2410 3 2406 2420 4538 
2420 3 2410 3907 4367 
2421 2 2461 8124 
2441 3 2126 2444 11020 
2444 2 2441 2456 
2456 3 2444 2459 7262 
2459 3 2395 2456 10918 
2461 2 2391 2421 
2474 3 197 2475 4948 
2475 4 298 2474 4948 7184 
2477 3 14 2480 2493 
2480 4 14 2477 3109 5120 
2493 2 2477 7178 
2494 3 2498 4741 7988 
2498 4 2494 7949 7978 7988 
2500 3 107 1120 4999 
2508 3 1199 5615 8677 
2510 2 8434 8517 
2521 3 2522 3161 4491 
2522 4 2521 2526 3207 3218 
2526 4 2522 2527 2643 2647 
2527 4 2526 2528 2657 2660 
2528 4 2527 2529 2651 2653 
2529 3 2169 2528 8782 
2530 2 2531 8480 
2531 3 2530 8428 10282 
2533 2 2536 7451 
2536 3 47 2533 2543 
2543 3 2303 2536 8975 
2547 3 2089 2093 5463 
2548 3 1160 4588 5468 
2557 3 503 5094 10448 
2571 3 2576 2578 6475 
2576 3 2359 2382 2571 
2578 3 2360 2571 4601 
2579 3 139 2587 4759 
2587 3 2579 2594 12067 
2594 3 2587 6001 7988 
2595 1 133 
2599 4 114 123 375 4988 
2600 4 59 60 2602 4989 
2602 4 30 114 2600 4988 
2603 3 2604 2608 6260 
2604 4 2603 2605 2612 6609 
2605 4 2604 2607 2613 8800 
2607 3 2605 2614 10228 
2608 2 2603 2612 
2612 4 2604 2608 2613 2780 
2613 4 2605 2612 2614 2778 
2614 3 2607 2613 2775 
2616 4 1679 2617 6609 6610 
2617 4 2616 2618 8798 8800 
2618 4 2617 2619 2748 10228 
2619 3 2618 2755 2781 
2620 5 1206 2846 4224 4239 6545 
2624 3 2085 2755 2783 
2642 3 295 297 4918 
2643 3 2526 2657 3149 
2647 4 2526 2650 2660 3219 
2650 4 2647 2662 2709 3532 
2651 3 2528 2657 10722 
2653 4 2528 2654 2660 8170 
2654 3 2653 2656 8167 
2656 4 2654 2662 2707 8172 
2657 3 2527 2643 2651 
2660 4 2527 2647 2653 2662 
2662 4 2650 2656 2660 2708 
2663 3 2664 2707 5290 
2664 4 2313 2663 8166 8172 
2665 3 2669 2674 2675 
2669 4 2665 2673 6044 6047 
2673 3 2669 5563 6067 
2674 3 1714 2665 6047 
2675 3 1713 2665 2677 
2677 1 2675 
2680 1 1363 
2688 3 2382 2690 6475 
2690 4 2688 2694 2698 6505 
2691 3 2694 2928 8258 
2694 4 2690 2691 2726 6546 
2695 5 2697 4598 4601 6305 6505 
2697 4 2695 2698 6502 6505 
2698 4 2690 2697 2726 2727 
2699 3 818 10149 10577 
2707 3 2656 2663 2708 
2708 3 2662 2707 2709 
2709 3 2650 2708 2719 
2719 3 2709 3532 3809 
2720 4 525 1217 1223 2722 
2722 4 1225 2720 2725 6126 
2725 4 1227 2722 2832 6138 
2726 4 2694 2698 2727 8258 
2727 4 2698 2726 2929 6502 
2728 1 2730 
2730 3 2728 6502 12447 
2731 3 1088 2735 5370 
2733 4 2735 2859 5370 6107 
2735 4 2731 2733 2736 6101 
2736 3 1232 2735 2869 
2740 3 1232 6141 6545 
2745 3 509 701 2749 
2748 4 701 2618 2781 8798 
2749 3 509 1235 2745 
2755 3 2619 2624 2762 
2762 4 2755 2764 2775 2799 
2764 4 2762 2766 2778 2798 
2766 4 2764 2769 2780 2796 
2769 3 2766 2793 2795 
2775 3 2614 2762 2778 
2778 4 2613 2764 2775 2780 
2780 3 2612 2766 2778 
2781 3 1237 2619 2748 
2783 4 2624 2799 6134 6136 
2793 3 2769 2795 2800 
2795 3 2769 2793 2802 
2796 3 2766 2798 2804 
2798 4 2764 2796 2799 2805 
2799 3 2762 2783 2798 
2800 3 2793 2802 2830 
2802 3 2795 2800 2803 
2803 3 2802 2951 5533 
2804 3 2796 2805 6607 
2805 3 2798 2804 6134 
2817 5 554 1173 7188 7684 11328 
2822 3 458 2825 5131 
2825 3 2822 2826 5127 
2826 3 2825 2828 5152 
2828 3 355 2826 5906 
2830 4 2800 2831 2951 6607 
2831 4 1206 2830 2832 6138 
2832 4 1228 2725 2831 6141 
2834 4 1228 2835 2869 2873 
2835 4 2834 2836 6101 6122 
2836 4 2835 2837 6110 6121 
2837 3 2836 2838 6111 
2838 3 2837 2839 2862 
2839 3 2838 2841 6112 
2841 3 2839 2861 6052 
2845 3 1091 2846 6058 
2846 4 2620 2845 4224 4239 
2850 3 2851 6578 11085 
2851 4 1970 2850 6562 11072 
2853 3 2858 2940 6089 
2858 4 2853 2859 6103 6792 
2859 3 2733 2858 6104 
2861 4 2841 6089 6103 6112 
2862 4 2838 2864 6052 6121 
2864 4 2862 2865 6055 6132 
2865 3 1171 2864 10401 
2869 4 1230 2736 2834 6101 
2873 4 1227 2834 2876 6122 
2876 4 1225 2873 2878 6130 
2878 3 1224 2876 10400 
2920 3 1126 2921 11067 
2921 3 1127 2920 2927 
2927 1 2921 
2928 3 2691 2935 2939 
2929 3 2727 2935 12447 
2935 3 2928 2929 8258 
2939 1 2928 
2940 5 2853 5370 6088 6792 10402 
2942 3 1402 2945 8367 
2945 3 1408 2942 6377 
2951 4 1206 2803 2830 4224 
2952 3 2953 5261 5266 
2953 3 2952 7570 7574 
2955 4 5459 5464 10777 10957 
2956 3 1408 2958 5193 
2958 3 1408 2956 4294 
2959 4 553 2995 3024 4336 
2963 3 2966 2975 2985 
2966 3 543 2963 2967 
2967 3 2966 2968 5217 
2968 3 2967 2969 5216 
2969 4 548 2968 2970 3020 
2970 4 550 2969 2972 3024 
2972 3 551 553 2970 
2975 3 2963 2978 3025 
2978 3 2975 2979 5219 
2979 3 2978 2980 3025 
2980 3 2979 2985 2992 
2985 3 2963 2980 2992 
2992 3 1867 2980 2985 
2993 4 2995 2996 3016 3024 
2995 3 2959 2993 3019 
2996 4 2993 3014 3015 3020 
3014 3 2996 3025 3026 
3015 3 2996 3016 3022 
3016 4 2993 3015 3019 3023 
3019 3 2995 3016 5236 
3020 4 2969 2996 3024 5216 
3022 3 3015 3023 8453 
3023 3 3016 3022 5236 
3024 4 2959 2970 2993 3020 
3025 4 2975 2979 3014 5219 
3026 3 3014 8460 8467 
3043 1 9067 
3062 3 228 241 3064 
3064 3 252 3062 7183 
3073 3 1585 4837 4914 
3076 3 247 3087 3109 
3087 1 3076 
3109 3 2480 3076 11217 
3116 3 538 3140 8189 
3140 3 1815 3116 7491 
3149 4 2643 3160 3207 3212 
3160 3 3149 3164 3169 
3161 4 2521 3164 3212 4616 
3164 4 3160 3161 3212 11229 
3169 3 3160 3173 3344 
3173 4 3169 3174 4658 10722 
3174 3 3173 3175 10723 
3175 3 3174 3176 3345 
3176 3 3175 3184 10724 
3184 3 3176 3346 6343 
3185 3 2170 3206 9633 
3206 3 571 3185 4663 
3207 3 2522 3149 3212 
3212 4 3149 3161 3164 3207 
3218 3 2522 3219 4491 
3219 3 2647 3218 3222 
3222 3 8 3219 4501 
3242 3 3245 6937 8124 
3245 3 3242 3246 8424 
3246 4 3245 3249 7302 8424 
3249 3 3246 3252 7302 
3252 3 3249 3258 7296 
3258 3 3252 3260 8253 
3260 3 3258 3263 8252 
3263 3 3260 3266 8254 
3266 2 3263 7039 
3267 2 735 6500 
3310 3 3311 9731 9732 
3311 3 3310 3313 9837 
3313 3 3311 3314 9828 
3314 3 3313 3317 9849 
3317 3 806 3314 10037 
3318 3 6248 8766 12005 
3325 4 3338 3545 3564 4016 
3338 3 3325 3340 9071 
3340 3 3338 3342 12521 
3342 4 3340 11923 12258 12276 
3344 4 3169 4098 4616 12005 
3345 3 3175 3346 8768 
3346 3 3184 3345 9633 
3362 3 278 1572 3363 
3363 4 310 1573 3362 3372 
3365 3 280 322 3371 
3367 3 280 301 310 
3371 3 250 260 3365 
3372 4 312 1576 1851 3363 
3381 3 153 348 366 
3384 3 499 3385 3418 
3385 4 500 3384 3386 3392 
3386 3 502 3385 3404 
3387 1 3390 
3390 3 3387 3391 6685 
3391 4 3390 3392 3399 3418 
3392 4 3385 3391 3404 3418 
3397 3 500 5094 10442 
3399 3 3391 3404 3405 
3404 3 3386 3392 3399 
3405 3 3399 3411 6686 
3411 3 3405 3417 6686 
3417 3 610 3411 10685 
3418 3 3384 3391 3392 
3424 3 1941 3425 3451 
3425 3 1942 3424 3472 
3432 1 3438 
3438 3 579 3432 8047 
3439 3 513 3447 3451 
3447 3 3439 6469 10577 
3451 3 1939 3424 3439 
3452 4 834 6189 8351 11858 
3471 3 839 6790 12487 
3472 3 1921 3425 3501 
3486 4 513 3507 6463 6985 
3487 3 476 3493 10145 
3493 4 1901 3487 6985 10146 
3497 3 575 3499 10144 
3499 4 578 1897 3497 10146 
3501 3 1920 3472 7196 
3507 3 515 1910 3486 
3516 3 3519 4759 4791 
3519 1 3516 
3532 4 1347 2650 2719 4501 
3535 4 3538 4089 4098 11919 
3538 3 3535 3545 12276 
3545 3 3325 3538 4035 
3564 3 3325 4016 5001 
3631 4 2190 4374 4542 4574 
3763 3 185 230 8878 
3768 3 1451 1464 4396 
3782 3 1451 4837 5448 
3790 3 3796 4409 4824 
3796 4 1332 3790 4396 4813 
3809 3 2719 3811 9045 
3811 7 3809 4497 4517 9034 9045 10304 11422 
3838 2 4378 6448 
3849 3 858 1005 6408 
3857 3 1052 3860 3873 
3860 3 1639 3857 3864 
3864 3 3860 3873 5982 
3867 4 3870 3950 6765 9253 
3870 4 3867 3873 3948 9253 
3873 3 3857 3864 3870 
3883 1 1601 
3889 3 1601 3891 11906 
3891 4 1684 3889 11906 12515 
3896 4 36 37 112 2300 
3897 3 3907 3914 10718 
3907 3 2420 3897 5459 
3914 3 2288 3897 4374 
3917 3 792 3918 9714 
3918 3 3917 3919 9698 
3919 4 3918 3921 4388 5397 
3921 3 3919 3922 10073 
3922 3 3921 3923 8521 
3923 1 3922 
3924 3 3946 4388 5397 
3946 3 3924 4376 6407 
3948 3 1983 3870 3950 
3950 6 1777 2021 2047 3867 3948 5959 
3951 3 3952 9534 9544 
3952 4 3951 7239 9534 12327 
4016 4 3325 3564 4023 6657 
4023 3 4016 4025 6895 
4025 3 4023 4028 6892 
4028 3 4025 4031 6859 
4031 3 4028 4035 6859 
4035 3 3545 4031 4044 
4044 3 4035 4073 4083 
4073 3 4044 4075 4115 
4075 3 562 4073 10711 
4083 3 4044 4089 4115 
4089 4 3535 4083 4106 4616 
4098 4 3344 3535 4106 4140 
4106 3 4089 4098 4115 
4115 3 4073 4083 4106 
4140 3 2177 4098 11740 
4145 3 2124 2217 4374 
4172 3 2190 2217 4567 
4174 1 4176 
4176 4 4174 4180 10015 10053 
4180 3 780 4176 4844 
4181 4 780 1633 1842 7759 
4224 6 2620 2846 2951 6058 10160 10614 
4239 3 2620 2846 6545 
4246 3 1005 1662 4382 
4247 2 489 4248 
4248 3 4247 4260 8449 
4249 3 4259 10674 10675 
4259 3 4249 8562 10675 
4260 3 1918 4248 4262 
4262 3 4260 4265 8449 
4265 3 4262 4266 8565 
4266 3 4265 4268 4287 
4268 3 4266 8183 10676 
4276 3 489 1911 8581 
4287 3 4266 8562 8565 
4288 3 1422 1424 10747 
4289 3 1214 1424 4291 
4291 6 1214 1431 2337 4289 6368 10760 
4294 4 2958 4329 4332 6377 
4296 1 4325 
4325 3 4296 8384 9101 
4329 4 553 4294 4332 5220 
4332 3 4294 4329 4336 
4336 3 2959 4332 5193 
4357 4 4362 9648 10983 10989 
4362 3 4357 4363 10980 
4363 4 4362 6471 6675 10760 
4367 3 2420 4538 4542 
4374 3 3631 3914 4145 
4376 3 3946 4378 4701 
4378 3 3838 4376 4700 
4382 2 1661 4246 
4383 3 1338 4386 4443 
4386 7 1340 1464 1838 4383 4409 4443 4814 
4388 3 1344 3919 3924 
4396 3 1451 3768 3796 
4401 3 2289 5331 5592 
4405 4 4408 5104 5106 5166 
4408 3 4405 5331 8858 
4409 3 1484 3790 4386 
4416 3 1521 4418 5678 
4418 3 4416 4427 5650 
4427 3 4418 8834 9302 
4443 3 4383 4386 4825 
4453 3 4454 6044 8591 
4454 1 4453 
4491 3 1 2521 3218 
4494 3 4497 11429 11923 
4497 3 3811 4494 11422 
4501 3 8 3222 3532 
4517 2 3811 10304 
4538 2 2410 4367 
4542 3 3631 4367 7017 
4567 3 568 4172 9613 
4574 3 3631 7017 10711 
4588 5 2283 2288 2548 4638 4640 
4591 3 2355 4598 7017 
4598 3 2695 4591 6502 
4601 3 2578 2695 6475 
4602 3 2359 2360 4603 
4603 3 2126 4602 6024 
4616 3 3161 3344 4089 
4638 3 1158 4588 4640 
4640 3 2124 4588 4638 
4658 3 2196 3173 12005 
4660 2 88 4663 
4663 3 81 3206 4660 
4694 3 4699 4701 6408 
4699 3 858 4694 6408 
4700 3 1641 4378 4701 
4701 3 4376 4694 4700 
4733 4 1674 4735 8914 10476 
4735 3 4733 10082 10106 
4739 3 1263 1835 10238 
4741 4 139 149 2494 7063 
4759 3 144 2579 3516 
4791 3 3516 5997 6004 
4799 3 6004 11262 12061 
4813 3 1469 3796 7719 
4814 3 4386 4824 7719 
4824 3 3790 4814 7719 
4825 3 1451 4443 4837 
4837 4 1333 3073 3782 4825 
4844 3 780 4180 7759 
4854 3 1274 8059 8060 
4862 3 1274 6281 10743 
4863 6 601 5113 5951 6555 8061 8863 
4873 5 2328 5333 5406 5425 7830 
4879 4 1470 2328 5761 5781 
4888 3 1684 1803 4930 
4892 3 1744 4894 9576 
4894 3 4892 4895 9583 
4895 3 1795 4894 9515 
4914 3 1488 1585 3073 
4918 3 1839 2642 9463 
4926 3 1355 1543 4930 
4930 4 592 1803 4888 4926 
4948 3 229 2474 2475 
4956 4 88 107 4957 5810 
4957 3 4956 4959 7056 
4959 3 4957 9632 11884 
4960 3 590 1736 5060 
4964 3 1562 1580 1585 
4988 4 2599 2602 4989 10453 
4989 4 70 96 2600 4988 
4991 3 70 77 100 
4994 4 56 77 101 4996 
4996 4 53 102 4994 4999 
4999 3 104 2500 4996 
5001 3 3564 5024 5028 
5024 3 5001 5025 5037 
5025 3 5024 5028 9074 
5028 3 5001 5025 5040 
5037 3 5024 5038 5047 
5038 1 5037 
5040 1 5028 
5047 1 5037 
5060 1 4960 
5064 3 5071 5948 8051 
5071 3 5064 5104 7743 
5072 1 5079 
5079 3 5072 7742 7745 
5082 3 1966 5083 8642 
5083 4 492 5082 5084 5087 
5084 4 494 5083 5086 5091 
5086 3 1157 5084 10442 
5087 3 5083 5091 11072 
5091 4 5084 5087 6564 6594 
5094 3 503 2557 3397 
5101 4 522 5103 5882 5885 
5103 2 5101 5859 
5104 3 4405 5071 5105 
5105 3 5104 5106 5945 
5106 4 4405 5105 5112 8858 
5112 3 5106 8860 8866 
5113 5 4863 7747 7776 8049 8866 
5115 3 5120 7344 8001 
5120 3 2480 5115 5824 
5127 3 697 2825 5152 
5131 3 457 692 2822 
5147 2 16 7344 
5149 3 17 39 7949 
5152 4 355 698 2826 5127 
5153 3 449 5154 8139 
5154 4 350 448 5153 5155 
5155 3 450 461 5154 
5166 3 2322 4405 5171 
5171 3 1393 5166 7036 
5174 4 5188 5199 5207 11342 
5188 4 5174 5193 5236 8468 
5193 4 2956 4336 5188 5199 
5199 4 1408 5174 5193 5207 
5207 3 5174 5199 5211 
5211 3 5207 5230 5237 
5212 2 1056 5213 
5213 3 1073 1079 5212 
5216 3 2968 3020 5217 
5217 3 2967 5216 5219 
5219 3 2978 3025 5217 
5220 4 553 4329 8222 8674 
5229 2 1056 1073 
5230 3 5211 5238 5989 
5236 3 3019 3023 5188 
5237 3 5211 5238 10760 
5238 3 5230 5237 5240 
5240 4 5238 5241 5989 6675 
5241 3 5240 5243 5987 
5243 4 5241 5246 5985 11940 
5246 3 1432 5243 5984 
5261 3 2952 8674 10772 
5266 3 2952 5885 7574 
5267 3 5269 6372 8189 
5269 3 1809 5267 10501 
5281 4 2389 6452 10501 10972 
5290 3 2303 2663 8976 
5331 3 4401 4408 8858 
5333 2 4873 5425 
5369 2 1056 5553 
5370 5 2731 2733 2940 6792 11067 
5372 3 1189 5375 7221 
5375 4 1185 1194 1501 5372 
5384 3 1551 7202 7221 
5385 4 1551 5386 7203 7213 
5386 3 672 5385 5391 
5391 1 5386 
5397 5 3919 3924 5402 7839 8557 
5402 3 5397 5405 7839 
5405 5 5402 7817 7838 7839 9983 
5406 5 1263 4873 5781 7830 9067 
5425 6 4873 5333 5766 7754 7814 7817 
5426 4 1346 1635 5431 6449 
5431 3 1344 5426 6449 
5448 4 3782 5457 6590 7624 
5457 4 174 1341 1834 5448 
5459 4 2955 3907 7614 10957 
5463 3 2088 2122 2547 
5464 3 2104 2955 5468 
5468 4 1161 2108 2548 5464 
5470 4 2079 2080 2095 2120 
5471 3 5483 10160 10161 
5483 3 5471 5488 5533 
5488 3 5483 5531 8210 
5497 4 5529 6253 6255 6257 
5529 4 26 715 5497 8207 
5531 3 1676 5488 5533 
5533 3 2803 5483 5531 
5534 2 5547 8932 
5547 3 5534 5593 10476 
5553 4 5369 5560 6044 6067 
5560 3 5553 5563 6067 
5563 5 1056 1129 2673 5560 6047 
5583 3 1277 5585 10743 
5585 3 1281 5583 8858 
5592 3 4401 6530 9801 
5593 3 5547 5608 5614 
5608 1 5593 
5614 1 5593 
5615 3 1198 2508 8367 
5625 3 5630 5650 5679 
5630 3 5625 5634 5678 
5634 1 5630 
5650 3 4418 5625 5678 
5678 3 4416 5630 5650 
5679 1 5625 
5732 1 1521 
5760 1 1383 
5761 4 1790 2328 4879 5766 
5766 3 5425 5761 7806 
5781 3 4879 5406 5801 
5801 3 2295 5781 6281 
5810 4 104 4956 7055 7056 
5811 3 1096 1695 10130 
5823 3 482 683 1601 
5824 3 5120 6001 8001 
5830 4 1113 2313 6227 7337 
5832 3 2251 5833 8223 
5833 3 2279 5832 5834 
5834 4 2251 2278 5833 5836 
5836 3 2276 5834 8367 
5839 3 5841 5882 5883 
5841 3 5839 5845 5854 
5845 3 5841 5846 5873 
5846 1 5845 
5849 3 5851 5857 5884 
5850 3 5851 5866 5880 
5851 4 5849 5850 5854 5860 
5854 3 5841 5851 11931 
5857 3 545 5849 5884 
5859 3 1854 5103 5860 
5860 4 5851 5859 5862 5866 
5862 1 5860 
5866 3 1861 5850 5860 
5873 1 5845 
5880 1 5850 
5882 3 5101 5839 6705 
5883 3 5839 5884 6688 
5884 3 5849 5857 5883 
5885 4 507 5101 5266 6679 
5891 4 356 677 706 1523 
5893 3 160 331 341 
5906 3 1450 2828 11398 
5923 3 1567 1572 5936 
5936 2 5923 11387 
5937 3 388 1566 8701 
5945 3 5105 5948 8866 
5948 3 5064 5945 8049 
5949 3 1277 5951 8060 
5951 3 1281 4863 5949 
5959 3 2038 3950 9437 
5969 3 1614 2044 9357 
5982 5 817 858 3864 9247 9253 
5984 3 1432 5246 5985 
5985 3 5243 5984 5987 
5987 3 5241 5985 5989 
5989 3 5230 5240 5987 
5997 3 4791 6001 6004 
6001 3 2594 5824 5997 
6004 3 4791 4799 5997 
6024 3 2359 4603 11019 
6025 1 2383 
6044 4 1170 2669 4453 5553 
6047 5 1127 2669 2674 5563 11063 
6048 4 345 371 8806 9097 
6052 4 2841 2862 6055 6120 
6055 4 2864 6052 6057 6562 
6057 3 6055 6578 10401 
6058 5 1363 1378 1695 2845 4224 
6067 3 2673 5553 5560 
6084 4 1970 6088 6089 6091 
6088 3 2940 6084 6793 
6089 4 2853 2861 6084 6120 
6091 4 1400 1714 1966 6084 
6098 1 1169 
6101 5 2735 2835 2869 6107 6110 
6103 4 2858 2861 6104 6112 
6104 4 2859 6103 6107 6111 
6107 4 2733 6101 6104 6110 
6110 4 2836 6101 6107 6111 
6111 4 2837 6104 6110 6112 
6112 4 2839 2861 6103 6111 
6120 4 1970 6052 6089 6562 
6121 4 2836 2862 6122 6132 
6122 3 2835 2873 6121 
6126 4 2722 6134 6136 6138 
6130 3 2876 6132 10400 
6132 4 1171 2864 6121 6130 
6134 4 2783 2805 6126 6607 
6136 3 525 2783 6126 
6138 4 2725 2831 6126 6607 
6141 4 1206 1230 2740 2832 
6143 3 357 6144 8954 
6144 3 429 1213 6143 
6146 4 80 96 429 1207 
6152 3 67 108 12248 
6159 4 80 101 8199 10165 
6163 4 440 1207 10453 10457 
6164 2 1048 6989 
6189 3 921 3452 8295 
6227 3 5830 6327 7340 
6241 3 6242 6246 6248 
6242 1 6241 
6244 3 6245 6249 6250 
6245 3 6244 6246 6248 
6246 3 6241 6245 6250 
6248 3 3318 6241 6245 
6249 1 6244 
6250 3 6244 6246 11740 
6253 3 5497 6254 10160 
6254 3 6253 6255 10614 
6255 3 5497 6254 7220 
6256 3 715 6257 7220 
6257 3 715 5497 6256 
6260 3 1679 2603 6609 
6281 5 1270 1479 2295 4862 5801 
6303 5 729 734 735 8834 9290 
6305 2 2355 2695 
6327 3 81 6227 7040 
6343 3 2169 3184 10724 
6349 3 611 6365 10529 
6351 3 623 628 6358 
6358 1 6351 
6364 3 6365 10561 10573 
6365 3 612 6349 6364 
6366 3 6368 7295 10918 
6368 4 4291 6366 6470 6471 
6372 3 1814 5267 6377 
6377 5 2270 2945 4294 6372 8222 
6407 2 1661 3946 
6408 4 1661 3849 4694 4699 
6412 3 331 433 11591 
6413 4 333 433 6414 8689 
6414 4 334 6413 6415 11408 
6415 4 335 397 6414 8693 
6416 4 337 390 397 8701 
6448 3 1639 3838 6449 
6449 3 5426 5431 6448 
6452 3 5281 6456 7692 
6456 3 6452 6461 10972 
6461 3 6456 7574 7578 
6463 5 476 510 3486 6985 10144 
6469 3 510 3447 10529 
6470 3 1216 6368 10918 
6471 4 4363 6368 9648 10760 
6475 4 2571 2688 4601 6505 
6500 3 1341 3267 6524 
6502 4 2697 2727 2730 4598 
6505 4 2690 2695 2697 6475 
6524 3 1124 6500 7706 
6530 3 5592 6533 8620 
6533 3 1552 2322 6530 
6545 4 1088 2620 2740 4239 
6546 1 2694 
6555 3 1295 4863 8061 
6557 3 1295 6558 6987 
6558 3 1790 6557 8059 
6562 4 2851 6055 6120 6578 
6563 6 1157 6564 6594 9461 11072 11085 
6564 3 5091 6563 6594 
6573 3 1172 6578 10401 
6578 6 2850 6057 6562 6573 7645 9458 
6590 3 173 5448 7624 
6594 3 5091 6563 6564 
6607 4 2804 2830 6134 6138 
6609 4 2604 2616 6260 8800 
6610 4 703 1683 2616 8798 
6613 3 1157 6748 7588 
6649 1 6655 
6655 3 6649 6663 6837 
6657 3 4016 6663 6805 
6663 2 6655 6657 
6668 3 6669 6682 6705 
6669 3 6668 6702 6705 
6670 3 6671 6693 8702 
6671 3 6670 6696 6699 
6675 3 4363 5240 6677 
6677 3 6675 7282 10989 
6678 1 6679 
6679 4 5885 6678 6682 6691 
6682 3 6668 6679 6683 
6683 4 6682 6684 6688 6691 
6684 3 6683 6693 6695 
6685 3 3390 6686 6750 
6686 3 3405 3411 6685 
6688 3 5883 6683 6689 
6689 1 6688 
6691 3 6679 6683 6693 
6693 3 6670 6684 6691 
6695 1 6684 
6696 1 6671 
6699 1 6671 
6702 1 6669 
6705 3 5882 6668 6669 
6714 3 1438 6720 6729 
6720 1 6714 
6729 3 6714 8441 10276 
6732 1 625 
6748 2 6613 7570 
6750 1 6685 
6751 1 1284 
6752 1 1285 
6753 3 6754 7056 8199 
6754 3 6753 7055 10165 
6765 5 812 1297 2047 3867 8345 
6790 3 3471 9130 12487 
6792 3 2858 2940 5370 
6793 3 1714 6088 10402 
6805 1 6657 
6837 1 6655 
6856 2 6859 6861 
6859 3 4028 4031 6856 
6861 2 6856 6862 
6862 2 6861 6892 
6892 3 4025 6862 6895 
6895 2 4023 6892 
6937 2 3242 6949 
6949 1 6937 
6957 2 935 936 
6963 2 1019 1047 
6972 3 869 1018 8643 
6985 3 3486 3493 6463 
6987 3 598 1291 6557 
6989 1 6164 
7000 3 289 290 298 
7017 3 4542 4574 4591 
7036 3 5171 7037 7093 
7037 3 7036 7093 7103 
7039 3 3266 8254 8402 
7040 3 107 6327 7049 
7049 3 1113 7040 7340 
7055 4 102 5810 6754 10165 
7056 3 4957 5810 6753 
7063 3 139 167 4741 
7077 3 1364 7081 7094 
7081 3 1368 7077 7101 
7082 4 7085 7095 7101 9521 
7085 3 7082 7089 9521 
7089 3 1387 7085 9487 
7093 3 1389 7036 7037 
7094 3 7077 7095 11895 
7095 3 7082 7094 9493 
7101 3 7081 7082 9487 
7102 2 1369 7103 
7103 3 7037 7102 7743 
7127 4 1079 7138 7147 7166 
7138 3 7127 7147 7776 
7147 3 1065 7127 7138 
7158 3 1079 1616 7166 
7166 3 1629 7127 7158 
7178 2 2493 8947 
7183 1 3064 
7184 3 247 300 2475 
7188 3 2817 7684 11328 
7196 3 1954 3501 12487 
7201 1 286 
7202 4 1503 1524 5384 11657 
7203 4 673 1524 5385 7209 
7209 3 654 1357 7203 
7213 1 5385 
7220 3 1191 6255 6256 
7221 2 5372 5384 
7227 3 7500 7645 7665 
7228 4 274 677 1504 1523 
7231 3 605 610 10679 
7236 3 7237 7260 12212 
7237 3 7236 7238 12342 
7238 3 7237 8340 8342 
7239 3 3952 7242 11853 
7242 1 7239 
7249 3 7253 12328 12350 
7250 3 7253 11193 12350 
7253 3 7249 7250 7254 
7254 3 7253 7258 12182 
7258 3 7254 7260 12177 
7260 3 7236 7258 12341 
7262 1 2456 
7272 1 7282 
7282 3 6677 7272 11941 
7283 1 7295 
7295 3 6366 7283 9648 
7296 3 3252 7302 8253 
7302 3 3246 3249 7296 
7337 3 2313 5830 7340 
7340 3 6227 7049 7337 
7344 3 5115 5147 7353 
7353 2 7344 7978 
7451 3 46 67 2533 
7487 2 7491 7509 
7491 3 1822 3140 7487 
7500 2 7227 7509 
7509 2 7487 7500 
7522 3 1217 7641 7665 
7555 3 1157 7558 11040 
7558 3 7555 7562 7588 
7562 3 7558 7584 7665 
7570 3 2953 6748 10772 
7574 5 538 2953 5266 6461 7578 
7578 3 6461 7574 7583 
7583 3 7578 7596 11040 
7584 3 7562 7588 10448 
7588 3 6613 7558 7584 
7595 4 1832 7596 10501 10972 
7596 3 7583 7595 8674 
7614 3 5459 10777 10786 
7624 3 1834 5448 6590 
7636 3 7641 7645 7692 
7641 3 7522 7636 7692 
7645 3 6578 7227 7636 
7665 3 7227 7522 7562 
7677 4 29 435 7678 11328 
7678 4 349 436 7677 7680 
7680 4 350 414 438 7678 
7684 3 29 2817 7188 
7692 3 6452 7636 7641 
7706 3 1451 1834 6524 
7719 4 1469 4813 4814 4824 
7721 3 794 7722 7739 
7722 3 7721 9669 9671 
7739 1 7721 
7742 3 1736 5079 7743 
7743 7 1744 5071 7103 7742 7744 8051 9502 
7744 3 7743 7745 8051 
7745 3 5079 7744 7747 
7747 3 5113 7745 8049 
7754 2 5425 7765 
7759 7 593 1264 1790 4181 4844 7762 7806 
7762 3 7759 7765 7806 
7765 2 7754 7762 
7776 3 5113 7138 7878 
7806 3 5766 7759 7762 
7814 3 5425 7838 10031 
7817 3 5405 5425 7838 
7830 3 4873 5406 9067 
7838 3 5405 7814 7817 
7839 4 5397 5402 5405 9728 
7846 4 781 790 7861 9668 
7850 3 802 806 7851 
7851 3 7850 7852 9761 
7852 3 7851 7854 9743 
7854 3 7852 7856 9733 
7856 3 7854 7857 9762 
7857 3 7856 7859 9762 
7859 3 7857 7861 9718 
7861 3 791 7846 7859 
7866 3 806 7867 9978 
7867 3 780 7866 9979 
7878 3 1264 1282 7776 
7949 3 134 2498 5149 
7978 3 2297 2498 7353 
7988 3 2494 2498 2594 
8001 4 16 5115 5824 8947 
8033 3 489 1166 10893 
8044 3 579 581 10283 
8047 3 467 575 3438 
8049 3 5113 5948 7747 
8051 3 5064 7743 7744 
8059 3 1790 4854 6558 
8060 3 4854 5949 8061 
8061 3 4863 6555 8060 
8124 3 2421 3242 8424 
8135 4 341 449 8683 10155 
8139 3 349 5153 10155 
8140 3 8142 8146 8147 
8142 3 8140 8157 8158 
8144 3 8146 8153 10149 
8146 3 8140 8144 8160 
8147 5 906 907 8140 8148 10510 
8148 3 8147 8149 8157 
8149 2 8148 8156 
8153 3 8144 8154 8162 
8154 1 8153 
8156 1 8149 
8157 3 8142 8148 10582 
8158 3 639 8142 10564 
8160 3 8146 8162 10563 
8162 3 8153 8160 8164 
8164 1 8162 
8165 1 8166 
8166 4 2664 8165 8167 8782 
8167 4 2654 8166 8170 8172 
8170 3 2653 8167 8782 
8172 3 2656 2664 8167 
8174 3 1882 8351 9163 
8183 1 4268 
8189 3 1822 3116 5267 
8199 4 78 6159 6753 8954 
8205 4 27 362 719 10643 
8207 4 719 5529 8208 8255 
8208 3 8207 8210 11234 
8210 4 1676 1683 5488 8208 
8222 3 1823 5220 6377 
8223 3 2253 5832 12169 
8240 4 357 721 8241 10643 
8241 3 723 2094 8240 
8252 3 3260 8253 8254 
8253 3 3258 7296 8252 
8254 3 3263 7039 8252 
8255 4 720 1717 8207 11234 
8258 3 2691 2726 2935 
8260 4 8261 8269 8295 8304 
8261 5 8260 8262 8269 8287 8304 
8262 3 1019 8261 8287 
8263 4 857 873 8276 9268 
8269 4 857 8260 8261 8295 
8276 3 873 8263 8287 
8287 3 8261 8262 8276 
8295 4 6189 8260 8269 8304 
8304 3 8260 8261 8295 
8329 3 8334 9130 9210 
8334 3 8329 8337 9209 
8337 3 2058 8334 8338 
8338 3 8337 8340 12193 
8340 3 2057 7238 8338 
8342 3 7238 8343 12212 
8343 3 1971 8342 12208 
8345 3 1971 6765 12216 
8351 4 3452 8174 9201 9221 
8366 1 838 
8367 5 2251 2942 5615 5836 11098 
8384 3 4325 9101 9114 
8402 2 7039 8517 
8424 3 3245 3246 8124 
8428 3 2531 8429 10434 
8429 3 1869 8428 10434 
8430 3 8431 9137 10435 
8431 3 8430 8433 10435 
8433 3 8431 8434 10276 
8434 3 2510 8433 8441 
8441 3 6729 8434 8442 
8442 3 1445 8441 8444 
8444 3 1445 8442 8480 
8449 3 605 4248 4262 
8453 3 3022 8457 8461 
8457 3 8453 8461 8464 
8460 3 3026 8461 8467 
8461 3 8453 8457 8460 
8464 3 8457 8466 8470 
8466 3 8464 8467 8470 
8467 3 3026 8460 8466 
8468 3 5188 8470 11342 
8470 3 8464 8466 8468 
8480 3 2530 8444 10282 
8516 2 8517 9114 
8517 3 2510 8402 8516 
8521 1 3922 
8555 1 8556 
8556 3 8555 8557 9876 
8557 3 5397 8556 9890 
8562 3 4259 4287 8581 
8565 3 4265 4287 8581 
8581 3 4276 8562 8565 
8591 1 4453 
8620 4 1338 2317 6530 9801 
8622 1 871 
8642 3 1166 5082 10893 
8643 1 6972 
8644 1 865 
8647 1 866 
8648 3 862 864 8650 
8650 1 8648 
8664 2 931 12239 
8674 5 1832 5220 5261 7596 10772 
8677 3 1402 1422 2508 
8683 4 342 374 8135 9098 
8689 3 433 6413 11408 
8693 3 6415 8701 11408 
8701 3 5937 6416 8693 
8702 1 6670 
8766 1 3318 
8768 3 3345 9633 9634 
8782 4 2167 2529 8166 8170 
8798 4 702 2617 2748 6610 
8800 4 2605 2617 6609 10228 
8802 4 348 366 368 383 
8806 4 346 370 383 6048 
8834 3 4427 6303 9290 
8858 6 4408 5106 5331 5585 8860 10743 
8860 3 5112 8858 8863 
8863 3 4863 8860 8866 
8866 4 5112 5113 5945 8863 
8878 3 185 197 3763 
8914 3 4733 8915 10103 
8915 3 8914 10086 10106 
8932 3 5534 10082 10086 
8947 3 14 7178 8001 
8948 1 134 
8954 2 6143 8199 
8961 1 467 
8966 1 8967 
8967 3 8966 9072 11429 
8975 3 2543 8976 8995 
8976 4 5290 8975 8995 9009 
8995 3 8975 8976 9008 
9008 3 8995 9009 9034 
9009 4 8976 9008 9034 9045 
9034 3 3811 9008 9009 
9045 3 3809 3811 9009 
9067 3 3043 5406 7830 
9071 1 3338 
9072 3 8967 9073 11429 
9073 1 9072 
9074 1 5025 
9097 4 344 372 6048 9098 
9098 4 343 373 8683 9097 
9101 3 4325 8384 9114 
9114 3 8384 8516 9101 
9130 3 6790 8329 9179 
9137 3 8430 10674 12503 
9163 5 787 1996 1997 8174 9185 
9179 3 1869 9130 9185 
9185 2 9163 9179 
9201 3 8351 9204 11199 
9204 3 9201 9206 12317 
9206 3 9204 9207 9221 
9207 4 9206 9209 9210 12315 
9209 3 8334 9207 12318 
9210 3 8329 9207 9221 
9221 3 8351 9206 9210 
9247 4 807 5982 12087 12094 
9253 4 812 3867 3870 5982 
9268 3 8263 9269 11851 
9269 3 9268 9534 9544 
9290 3 6303 8834 9302 
9302 3 1124 4427 9290 
9357 3 787 5969 9359 
9359 3 788 1619 9357 
9437 3 2005 2047 5959 
9458 3 6578 9459 10411 
9459 3 9458 9461 10411 
9461 3 6563 9459 11085 
9463 1 4918 
9480 1 9481 
9481 3 1382 9480 9493 
9486 3 304 1508 1578 
9487 3 7089 7101 9511 
9493 4 1795 7095 9481 11816 
9500 4 9502 9585 9597 11895 
9502 3 7743 9500 9603 
9511 1 9487 
9515 3 4895 9576 9583 
9521 3 7082 7085 9527 
9527 1 9521 
9534 4 849 3951 3952 9269 
9544 3 3951 9269 11851 
9576 3 4892 9515 9583 
9583 3 4894 9515 9576 
9585 1 9500 
9597 1 9500 
9603 3 1364 1369 9502 
9613 2 4567 9632 
9632 2 4959 9613 
9633 3 3185 3346 8768 
9634 3 2223 2237 8768 
9648 3 4357 6471 7295 
9657 3 637 9658 10521 
9658 3 636 9657 10650 
9659 3 1767 9661 10121 
9661 3 9659 9668 9781 
9668 3 7846 9661 9670 
9669 1 7722 
9670 1 9668 
9671 1 7722 
9672 3 1772 9680 9685 
9673 3 9674 9701 9703 
9674 1 9673 
9675 1 9676 
9676 3 9675 9680 9696 
9680 3 9672 9676 9696 
9685 1 9672 
9695 1 9696 
9696 3 9676 9680 9695 
9698 4 3918 9699 9782 9783 
9699 3 9698 9700 9784 
9700 1 9699 
9701 3 797 9673 9882 
9703 1 9673 
9714 1 3917 
9718 3 7859 9721 9766 
9721 1 9718 
9728 3 7839 9729 9827 
9729 3 9728 9730 9819 
9730 3 9729 9731 9909 
9731 3 3310 9730 9856 
9732 3 801 3310 9871 
9733 3 7854 9742 9769 
9742 1 9733 
9743 3 7852 9753 9775 
9753 1 9743 
9761 1 7851 
9762 3 7856 7857 9763 
9763 1 9762 
9766 1 9718 
9769 1 9733 
9775 1 9743 
9781 1 9661 
9782 1 9698 
9783 1 9698 
9784 3 9699 9788 9793 
9788 1 9784 
9793 1 9784 
9796 3 1333 2317 9817 
9801 3 1340 5592 8620 
9817 4 404 1580 2314 9796 
9819 1 9729 
9827 1 9728 
9828 1 3313 
9837 3 3311 9838 9842 
9838 3 9837 9842 9848 
9842 3 9837 9838 9847 
9847 1 9842 
9848 1 9838 
9849 1 3314 
9850 3 9851 9856 9870 
9851 3 9850 9880 9881 
9856 3 9731 9850 9870 
9870 3 9850 9856 9889 
9871 3 803 9732 9872 
9872 3 9871 9906 9935 
9876 1 8556 
9879 1 9880 
9880 3 9851 9879 9889 
9881 1 9851 
9882 3 9701 9886 9890 
9886 1 9882 
9889 3 799 9870 9880 
9890 3 8557 9882 9895 
9895 1 9890 
9906 1 9872 
9909 1 9730 
9935 1 9872 
9955 3 9957 9986 10019 
9957 3 9955 9958 9966 
9958 3 9957 9959 10017 
9959 3 9958 9960 9967 
9960 3 9959 9961 9968 
9961 3 9960 9962 9970 
9962 3 9961 9965 9978 
9965 1 9962 
9966 3 9957 9967 9985 
9967 3 9959 9966 9968 
9968 3 9960 9967 9969 
9969 3 9968 9970 10009 
9970 3 9961 9969 9971 
9971 1 9970 
9978 3 7866 9962 9979 
9979 3 7867 9978 10063 
9983 3 5405 9984 10037 
9984 3 9983 9985 9986 
9985 3 9966 9984 10009 
9986 3 9955 9984 9993 
9993 1 9986 
9994 1 9995 
9995 4 9994 9998 10010 10015 
9998 3 9995 9999 10063 
9999 3 9998 10000 10062 
10000 4 9999 10005 10008 10015 
10005 3 10000 10008 10027 
10008 3 10000 10005 10017 
10009 3 9969 9985 10037 
10010 1 9995 
10015 3 4176 9995 10000 
10017 3 9958 10008 10019 
10019 3 9955 10017 10021 
10021 1 10019 
10022 1 10027 
10027 3 10005 10022 10031 
10031 3 7814 10027 10032 
10032 3 10031 10054 10060 
10037 3 3317 9983 10009 
10053 1 4176 
10054 3 10032 10059 11297 
10059 1 10054 
10060 1 10032 
10062 1 9999 
10063 3 9979 9998 10070 
10070 1 10063 
10073 1 3921 
10082 4 4735 8932 10086 10103 
10086 3 8915 8932 10082 
10103 3 8914 10082 10106 
10106 3 4735 8915 10103 
10121 1 9659 
10130 3 655 686 5811 
10142 3 643 10525 10529 
10144 3 3497 6463 10145 
10145 3 467 3487 10144 
10146 3 1899 3493 3499 
10149 5 643 818 907 2699 8144 
10155 3 8135 8139 11328 
10159 3 1357 1359 11287 
10160 3 4224 5471 6253 
10161 1 5471 
10165 3 6159 6754 7055 
10228 3 2607 2618 8800 
10238 3 1482 4739 10513 
10269 2 874 941 
10275 3 581 10276 10283 
10276 3 6729 8433 10275 
10282 3 2531 8480 10283 
10283 3 8044 10275 10282 
10304 3 3811 4517 11429 
10382 1 182 
10400 3 1171 2878 6130 
10401 3 2865 6057 6573 
10402 3 1714 2940 6793 
10411 3 1157 9458 9459 
10434 4 1898 1900 8428 8429 
10435 4 1864 1865 8430 8431 
10442 3 499 3397 5086 
10448 3 507 2557 7584 
10453 3 96 4988 6163 
10457 3 423 439 6163 
10463 4 362 423 435 1213 
10476 2 4733 5547 
10501 4 1832 5269 5281 7595 
10510 1 8147 
10512 1 906 
10513 1 10238 
10518 3 614 10521 10562 
10521 3 614 9657 10518 
10525 1 10142 
10529 4 476 6349 6469 10142 
10561 3 614 6364 10562 
10562 3 10518 10561 10653 
10563 3 8160 10564 10565 
10564 3 640 8158 10563 
10565 1 10563 
10573 1 6364 
10576 1 613 
10577 3 1922 2699 3447 
10582 3 636 8157 10583 
10583 1 10582 
10614 3 1363 4224 6254 
10643 4 359 720 8205 8240 
10649 4 351 400 414 460 
10650 1 9658 
10653 1 10562 
10667 1 835 
10674 3 1961 4249 9137 
10675 4 4249 4259 10676 12487 
10676 4 4268 10675 10679 12487 
10679 3 7231 10676 12487 
10685 3 519 1934 3417 
10711 3 4075 4574 10718 
10718 3 2176 3897 10711 
10722 3 2651 3173 10723 
10723 3 3174 10722 10724 
10724 3 3176 6343 10723 
10743 3 4862 5583 8858 
10747 3 1402 1431 4288 
10760 6 1408 2337 4291 4363 5237 6471 
10772 3 5261 7570 8674 
10777 3 2955 7614 10791 
10786 3 7614 10791 10795 
10791 3 10777 10786 11101 
10795 3 10786 10799 11101 
10799 3 10795 10862 11098 
10862 3 2406 10799 11103 
10893 3 489 8033 8642 
10917 1 2383 
10918 3 2459 6366 6470 
10957 3 2283 2955 5459 
10972 3 5281 6456 7595 
10980 4 4362 10981 10983 10988 
10981 1 10980 
10983 3 4357 10980 10988 
10988 3 10980 10983 10989 
10989 3 4357 6677 10988 
11019 3 2126 6024 11020 
11020 3 2441 11019 11088 
11040 2 7555 7583 
11063 3 1126 1714 6047 
11067 3 1091 2920 5370 
11072 4 1966 2851 5087 6563 
11085 3 2850 6563 9461 
11088 1 11020 
11098 3 8367 10799 11101 
11101 3 10791 10795 11098 
11103 1 10862 
11193 3 7250 11194 11203 
11194 3 11193 11195 12182 
11195 3 11194 11198 11855 
11198 4 11195 11199 12185 12314 
11199 3 9201 11198 11858 
11200 3 11201 11854 11855 
11201 3 11200 11202 11203 
11202 1 11201 
11203 3 11193 11201 11854 
11217 3 259 283 3109 
11229 3 3164 11230 11233 
11230 1 11229 
11233 1 11229 
11234 4 703 1683 8208 8255 
11238 3 39 130 134 
11262 2 140 4799 
11287 1 10159 
11297 1 10054 
11328 5 349 2817 7188 7677 10155 
11342 3 581 5174 8468 
11384 3 1569 11387 11402 
11387 4 1569 5936 11384 11404 
11398 3 5906 11591 11592 
11399 3 302 1355 11552 
11402 2 11384 11404 
11404 3 1576 11387 11402 
11408 4 1569 6414 8689 8693 
11422 3 1347 3811 4497 
11429 5 4494 8967 9072 10304 12258 
11552 3 1795 11399 11816 
11590 3 11591 11592 11815 
11591 3 6412 11398 11590 
11592 3 11398 11590 11816 
11648 3 581 1867 1895 
11657 4 272 1504 1525 7202 
11740 3 2216 4140 6250 
11805 3 1513 1851 11815 
11815 3 413 11590 11805 
11816 3 9493 11552 11592 
11851 3 1303 9268 9544 
11853 3 7239 11854 12352 
11854 3 11200 11203 11853 
11855 3 11195 11200 11856 
11856 3 11855 11858 12352 
11858 3 3452 11199 11856 
11884 1 4959 
11895 3 1795 7094 9500 
11906 3 1601 3889 3891 
11919 3 3535 11923 12276 
11923 5 3342 4494 11919 12254 12258 
11931 1 5854 
11940 3 5243 11941 11942 
11941 3 7282 11940 11942 
11942 3 1432 11940 11941 
12005 3 3318 3344 4658 
12061 1 4799 
12067 1 2587 
12087 1 9247 
12094 1 9247 
12098 1 807 
12169 4 2253 2281 8223 12171 
12171 4 2104 2242 2249 12169 
12177 3 7258 12182 12325 
12182 3 7254 11194 12177 
12185 3 11198 12186 12188 
12186 3 12185 12187 12319 
12187 1 12186 
12188 4 12185 12190 12319 12325 
12190 3 12188 12193 12194 
12191 1 12315 
12193 3 8338 12190 12325 
12194 3 12190 12196 12316 
12196 3 12194 12315 12317 
12207 3 12208 12212 12340 
12208 3 8343 12207 12217 
12212 3 7236 8342 12207 
12216 3 1297 8345 12217 
12217 3 12208 12216 12305 
12224 1 1733 
12239 1 8664 
12248 2 61 6152 
12254 1 11923 
12258 3 3342 11429 11923 
12276 3 3342 3538 11919 
12305 4 1299 12217 12306 12340 
12306 3 1301 12305 12335 
12314 1 11198 
12315 3 9207 12191 12196 
12316 3 12194 12317 12319 
12317 3 9204 12196 12316 
12318 1 9209 
12319 3 12186 12188 12316 
12325 3 12177 12188 12193 
12327 1 3952 
12328 3 1302 7249 12335 
12335 3 12306 12328 12340 
12340 3 12207 12305 12335 
12341 1 7260 
12342 1 7237 
12350 3 7249 7250 12351 
12351 1 12350 
12352 3 11853 11856 12363 
12363 1 12352 
12395 3 849 856 12396 
12396 1 12395 
12447 3 2730 2929 12448 
12448 1 12447 
12487 8 1942 1954 3471 6790 7196 10675 10676 10679 
12503 3 1104 1885 9137 
12511 1 1961 
12512 1 817 
12515 1 3891 
12521 1 3340 
12522 1 12523 
12523 2 12522 12524 
12524 4 12523 12525 12540 12541 
12525 2 12524 12526 
12526 2 12525 12527 
12527 2 12526 12533 
12528 2 12529 12533 
12529 1 12528 
12530 2 12531 12537 
12531 2 12530 12532 
12532 2 12531 12533 
12533 4 12527 12528 12532 12534 
12534 2 12533 12535 
12535 2 12534 12536 
12536 1 12535 
12537 2 12530 12538 
12538 1 12537 
12539 1 12540 
12540 2 12524 12539 
12541 2 12524 12542 
12542 2 12541 12543 
12543 1 12542 
