2242

1 8 4.5048
1 4491 12.4362
8 3222 4.1088
8 4501 4.0314
14 16 4.27095
14 8947 4.44105
16 5147 1.8108
17 25 9.4293
17 5149 5.1822
25 2300 3.04155
26 27 6.0402
26 719 17.1189
26 5529 10.4616
27 29 6.3816
27 8205 11.5362
29 7677 4.75515
29 7684 6.0471
30 36 12.1154
30 2602 5.62095
36 2302 4.9806
36 3896 8.0037
37 38 3.9123
37 17 1.69065
38 39 6.2505
38 40 9.0927
39 11238 4.347
39 5149 6.2289
40 112 50.58
43 46 18.0153
43 67 8.2284
43 56 7.1358
46 43 18.0153
46 47 18.2988
46 53 9.2412
47 46 18.2988
47 2536 15.9687
53 56 9.63675
53 4996 8.8155
56 59 13.7349
56 43 7.1358
56 4994 5.9046
59 60 3.6324
59 2600 2.7366
60 61 2.6838
61 12248 1.90665
61 30 11.0471
67 7451 3.4416
70 77 16.7904
70 4991 1.2141
77 4994 14.5836
78 80 10.1745
78 8199 16.5465
78 429 15.1065
80 78 10.1745
80 6146 10.3584
80 100 12.8385
81 88 9.2448
81 2168 12.249
81 6327 7.82865
88 4956 23.697
88 4660 36.5328
96 100 15.9246
96 4989 3.9735
100 101 15.6636
100 4991 7.875
101 102 20.682
101 6159 8.6532
101 4994 5.043
102 104 9.8487
102 4996 7.677
104 107 11.5614
104 5810 12.5442
107 2500 8.1846
107 4956 12.9159
107 7040 25.3989
108 30 5.64705
108 6152 10.7014
112 114 14.6277
112 3896 7.8606
114 36 6.0129
114 2599 4.4694
122 123 9.5004
123 122 9.5004
123 2599 13.8609
123 112 6.7476
124 126 20.5722
126 124 20.5722
126 39 8.9172
126 40 6.2784
127 128 6.48
127 132 1.8945
127 133 6.0336
128 127 6.48
128 129 11.9394
128 130 6.0165
129 128 11.9394
130 128 6.0165
130 126 5.112
131 132 6.0471
132 131 6.0471
132 127 1.8945
132 135 5.085
133 127 6.0336
133 134 9.0108
133 2595 8.9208
133 130 6.7284
134 133 9.0108
134 8948 8.8776
135 132 5.085
139 2579 7.2747
139 4741 2.6712
139 140 4.0518
140 144 4.3398
140 139 4.0518
140 11262 11.6955
144 4759 15.0354
145 148 5.8959
145 167 2.97
148 145 5.8959
149 150 2.52405
150 151 2.50605
150 248 13.4604
151 152 2.898
152 153 2.7819
152 323 11.6883
153 154 2.4237
153 339 11.4147
154 155 2.4408
155 156 1.7154
155 337 10.044
156 157 2.22435
157 158 2.53035
157 335 9.3564
158 159 2.4903
158 344 8.8929
159 160 2.62665
159 333 8.2242
160 5893 5.2506
160 342 9.0774
167 7063 7.66935
167 149 0.7956
169 173 3.2778
169 197 6.3045
173 6590 25.0078
174 182 7.91145
182 10382 24.462
182 183 15.6694
183 185 1.37475
183 230 5.2317
185 8878 0.88605
185 173 2.2644
197 2474 1.5993
228 229 4.6512
228 230 3.3138
228 3062 7.8252
229 230 4.4874
229 4948 4.1928
230 229 4.4874
230 3763 2.5326
230 228 3.3138
241 247 6.0882
241 252 2.9556
241 3062 2.8038
247 241 6.0882
247 3076 8.6103
247 7184 14.8278
248 249 5.6979
248 330 5.2083
249 250 5.4135
249 326 8.9667
250 3371 4.6269
250 313 11.0367
252 241 2.9556
252 3064 3.0816
258 259 11.1177
258 301 4.3884
259 11217 6.20685
260 261 3.0771
260 281 6.1155
261 258 5.5692
262 263 5.9031
262 352 6.7356
263 322 8.379
263 323 11.0214
263 250 10.5579
267 269 11.2536
267 668 11.5668
269 270 11.6793
269 1499 6.7032
270 271 4.2147
270 1374 6.7941
270 673 11.2788
271 272 6.9957
271 1526 6.7491
272 273 7.0191
272 11657 11.3076
273 274 11.1438
273 1506 6.6699
274 275 10.3752
274 1506 17.6157
275 276 12.5955
275 1522 7.2225
276 277 11.6118
276 1577 5.634
277 1447 4.8258
277 1448 8.1414
278 279 8.0496
278 1564 5.0985
278 3362 1.8774
279 280 10.8342
279 310 7.4925
280 281 4.2597
280 3365 11.6793
281 258 7.9497
283 258 6.08895
283 313 2.7783
285 286 6.0498
285 288 5.44815
286 285 6.0498
286 7201 5.5377
286 312 4.3929
286 287 11.6037
287 288 1.917
287 286 11.6037
288 289 11.4498
288 290 2.6586
289 259 5.5791
289 301 11.1447
290 291 2.6748
290 7000 11.5821
291 295 2.8422
291 298 11.295
295 297 3.4236
295 2642 2.8608
297 169 4.08285
298 300 11.232
298 7000 3.51855
300 259 6.9708
301 285 5.01345
302 304 11.619
302 11399 0.7182
304 302 11.619
304 308 21.4731
304 9486 12.7125
308 304 21.4731
308 1546 24.2028
310 312 12.9087
310 3367 11.5794
310 3363 8.4537
312 3372 8.4879
312 286 4.3929
313 261 12.087
313 326 3.24045
321 322 5.5566
321 353 5.094
322 321 5.5566
322 263 8.379
322 3365 4.7889
323 263 11.0214
323 152 11.6883
326 327 2.9763
327 248 7.8237
327 145 3.58515
330 323 5.4414
330 151 12.6432
331 332 6.7365
331 5893 6.462
332 333 5.6844
332 160 7.6464
333 334 5.1327
333 6413 9.3087
334 335 4.9446
334 158 8.7849
335 336 4.5981
335 6415 9.5427
336 337 3.0546
336 156 9.6156
337 338 5.1003
337 6416 9.8271
338 339 5.0157
338 154 10.6578
339 323 5.985
339 262 10.3653
341 342 5.5917
341 8135 2.4543
342 343 5.0913
342 8683 4.8726
343 344 5.0031
343 159 9.0099
344 345 4.7475
344 9097 4.8501
345 346 4.3299
345 157 8.7642
346 347 4.0446
346 156 8.7048
347 348 4.4109
347 155 8.5617
348 3381 4.9644
348 8802 4.9581
349 350 3.831
349 7678 12.9105
350 351 2.943
350 7680 12.789
351 10649 2.1126
352 321 3.5712
353 279 5.8266
353 1564 7.3791
355 356 5.0409
355 5152 9.5085
356 5891 5.5791
356 1450 5.0913
356 1548 8.2584
357 359 5.5602
357 6143 3.47535
359 362 5.91165
362 29 8.9325
362 8205 4.72725
363 364 3.7692
364 363 3.7692
364 381 3.8682
365 366 4.374
366 365 4.374
366 3381 4.9419
366 8802 4.8591
367 368 4.6719
367 366 4.6026
368 369 4.2219
368 8802 4.4199
369 370 4.6638
369 383 4.284
370 371 4.1886
370 8806 4.1004
371 372 4.4613
371 6048 3.9663
372 373 4.6719
372 443 13.1301
373 374 5.0715
373 9098 3.7701
374 448 13.8897
375 377 13.995
375 2599 7.35885
377 379 13.3758
377 123 9.9942
379 364 14.4954
379 395 6.435
381 382 5.0607
381 367 22.2327
382 369 12.1338
382 441 5.0148
383 347 4.8591
383 8806 4.4145
388 389 2.0466
388 1564 7.2954
389 390 8.6931
389 352 6.4305
390 338 10.2438
390 262 5.4747
393 394 13.8546
393 375 2.95245
394 395 13.4919
394 377 4.1214
395 396 13.0482
395 401 4.2021
396 441 10.1007
396 364 5.8032
397 336 9.7812
397 6416 2.6658
400 401 13.6935
400 403 13.68
400 394 2.8434
401 402 12.2121
401 460 3.888
402 452 0.6552
403 393 2.06955
404 410 21.6171
404 1389 29.7243
404 9817 2.4111
410 404 21.6171
410 412 5.9274
410 422 19.1043
412 410 5.9274
412 413 2.097
412 1562 25.6707
413 412 2.097
413 1513 4.2282
413 11815 4.5747
414 351 12.4812
414 403 1.8333
414 439 11.2104
422 410 19.1043
422 413 6.3522
423 426 8.6769
423 10463 5.47515
426 423 8.6769
426 429 14.562
426 1207 9.936
426 1213 10.5894
429 426 14.562
429 78 15.1065
429 6146 4.74255
433 8689 17.2719
433 6413 5.3361
433 332 9.306
435 436 4.5864
435 10463 4.06845
436 435 4.5864
436 438 6.3396
438 436 6.3396
438 439 5.679
438 423 9.0792
439 438 5.679
439 440 6.6528
439 10457 9.5445
440 439 6.6528
440 393 7.077
441 442 4.3146
441 370 12.4659
442 443 4.3452
442 371 12.6585
443 444 4.2552
443 451 10.98
444 448 4.7934
444 373 13.3263
448 449 5.7762
448 5154 12.7881
449 5153 12.4992
450 451 3.9852
450 444 11.3031
451 402 4.0356
451 460 11.5884
452 396 3.9528
452 442 10.5786
453 455 11.7441
453 1194 4.0788
455 456 12.4479
455 713 13.5594
456 457 7.9965
456 692 8.1864
457 458 10.5804
457 1174 12.7332
458 2822 5.2677
460 461 3.6054
460 10649 13.9428
461 5155 9.3267
461 351 15.1191
467 8961 36.9558
467 10145 17.787
467 8047 5.7534
469 476 42.0798
476 469 42.0798
476 10529 18.1656
476 3487 8.34
476 6463 10.833
482 1601 16.353
482 5823 1.2627
489 492 6.8886
489 4247 9.40635
489 8033 4.4658
492 489 6.8886
492 494 10.7508
492 5083 31.9428
494 492 10.7508
494 499 11.9136
499 494 11.9136
499 500 7.8702
499 10442 22.7727
499 3384 6.2172
500 499 7.8702
500 502 9.5808
500 3385 5.9544
500 3397 22.8951
502 500 9.5808
502 503 3.7074
502 3386 5.5188
503 502 3.7074
503 5094 22.6935
503 507 8.9226
503 2557 21.5523
507 503 8.9226
507 10448 15.3018
509 1235 5.7618
509 1716 10.0962
509 2745 2.2938
510 513 13.3194
510 6469 17.3142
513 515 6.0426
513 3439 20.0871
513 3486 5.5962
515 518 6.1824
518 519 5.4534
518 1934 4.4166
519 522 21.3426
522 507 13.9908
522 5101 5.9499
525 538 19.2407
525 2720 2.21895
538 3116 7.3188
538 7574 55.6026
540 543 17.6112
540 1864 8.559
543 540 17.6112
543 545 15.6474
543 2966 37.9737
545 543 15.6474
545 548 30.8718
545 5857 14.2443
548 545 30.8718
548 550 32.0022
548 2969 21.4056
550 548 32.0022
550 551 20.9376
550 2970 10.413
551 550 20.9376
551 553 2.1645
553 551 2.1645
553 5220 8.1444
553 4329 1.032
554 2817 7.0992
554 699 6.6414
554 27 9.1758
562 568 3.1473
562 2170 3.13335
568 571 1.2447
571 3206 3.1707
575 3497 4.4874
575 578 12.9474
578 579 6.8544
578 3499 14.2848
579 580 4.6668
579 3438 21.5454
580 581 2.6604
580 1895 5.4714
581 11342 11.7924
581 8044 3.1932
581 10275 3.2958
585 1139 30.5442
585 588 19.2942
585 2281 26.0433
588 585 19.2942
588 1165 16.4208
588 2242 2.8152
588 2108 9.7497
590 592 2.15145
590 4960 6.1092
592 1736 2.3976
593 598 18.4266
593 7759 9.4581
598 593 18.4266
598 601 13.2975
598 1264 18.7461
598 6987 22.4712
601 598 13.2975
601 4863 53.946
601 1285 6.4593
601 1291 22.5351
605 610 6.1578
605 8449 52.4682
610 3417 12.9948
611 612 4.0824
611 6349 15.138
611 628 12.7215
612 611 4.0824
612 613 3.7215
612 6365 16.371
613 612 3.7215
613 614 2.5947
613 10576 6.7203
614 613 2.5947
614 10561 6.1155
614 10521 3.5748
615 623 25.9785
623 615 25.9785
623 625 6.4656
623 6351 11.6064
625 623 6.4656
625 627 6.2334
625 6732 9.5211
627 625 6.2334
627 628 10.4166
627 630 10.5255
628 627 10.4166
628 611 12.7215
628 6351 12.537
630 627 10.5255
631 636 18.4347
636 631 18.4347
636 637 4.7673
636 9658 9.5508
636 10582 10.134
637 636 4.7673
637 639 3.3615
637 9657 9.6174
639 637 3.3615
639 640 1.3302
639 8158 6.1047
640 639 1.3302
640 641 3.2076
640 10564 6.2946
641 640 3.2076
642 643 1.2978
643 642 1.2978
643 10149 10.452
643 10142 15.0702
654 655 2.48535
654 1695 7.28775
655 662 3.3399
655 10130 5.1201
662 683 2.3922
662 686 1.5525
668 672 5.42115
672 673 5.92335
672 269 11.7729
673 270 11.2788
673 7203 6.4305
673 1525 2.1096
677 1503 5.2623
683 767 6.4458
683 1725 2.8494
686 482 10.2726
690 456 13.2093
690 1174 9.873
690 713 10.2411
692 694 7.3917
692 710 12.717
694 697 10.6515
694 708 12.861
697 698 3.2463
698 356 9.4554
698 706 12.9789
699 690 12.6153
699 554 6.6258
699 26 13.8366
699 715 6.6018
701 702 15.003
701 2745 1.986
701 2748 4.9662
702 701 15.003
702 703 12.7773
702 8798 7.7094
703 702 12.7773
703 1717 3.41325
703 11234 10.8414
706 708 15.2109
706 698 12.9789
708 709 2.4786
708 694 12.861
709 710 5.3163
709 1195 11.9529
710 455 5.8059
710 1194 12.3228
713 715 12.8187
713 690 10.2411
713 1176 9.9549
715 699 6.5736
715 6257 15.5904
719 720 11.2815
719 8207 4.65705
720 721 11.1006
720 10643 9.4194
721 723 12.771
721 8240 4.5909
723 509 24.0093
723 1716 9.5742
729 734 10.1448
729 6303 5.67135
734 735 18.9588
735 6303 24.7656
735 3267 94.6449
767 1684 5.49135
780 4844 2.99295
780 4180 5.895
780 4181 3.22245
781 786 1.8243
781 1761 3.1512
786 1761 2.6862
786 1789 1.9647
787 788 3.74805
787 9357 1.9053
788 1604 41.0247
790 791 5.4567
791 792 1.7955
791 7861 2.2761
792 794 4.29705
792 3917 4.3533
794 797 4.87935
794 7721 1.881
797 799 6.48045
797 9701 12.96
799 801 5.49585
799 9889 13.3857
801 802 3.58245
801 9732 2.8413
802 803 0.69705
803 806 7.92945
803 9871 2.9628
806 7866 12.3309
806 3317 10.7064
806 7850 7.4367
807 12098 16.1073
807 9247 10.3581
807 1303 17.2719
812 817 8.0442
817 12512 10.8396
817 5982 2.5518
818 846 60.5826
818 10149 1.89585
818 2699 3.87
832 834 3.771
832 905 25.9506
832 992 6.4359
834 832 3.771
834 3452 32.3118
834 839 19.467
835 838 17.8047
835 10667 3.3201
835 878 9.9855
838 835 17.8047
838 942 33.8778
838 8366 2.0475
839 846 21.6414
839 834 19.467
839 3471 44.3763
846 839 21.6414
846 971 18.6858
846 905 1.5984
846 818 60.5826
849 856 50.3208
849 12395 47.9484
856 857 0.8694
856 12395 1.7982
857 8269 2.8152
858 862 27.0891
858 1005 13.863
858 5982 43.4406
858 4699 6.2001
862 858 27.0891
862 864 4.1589
862 8648 6.7977
864 862 4.1589
864 865 10.3059
864 8648 3.6288
865 864 10.3059
865 866 0.5778
865 8644 11.0826
866 865 0.5778
866 869 9.4284
866 8647 9.0072
869 866 9.4284
869 871 15.2532
869 6972 13.8087
871 869 15.2532
871 873 22.2444
871 8622 24.0471
873 871 22.2444
873 8263 3.2895
874 878 18.6741
874 10269 10.1117
878 874 18.6741
878 884 46.692
878 835 9.9855
878 901 20.1672
884 878 46.692
884 886 20.7171
884 942 5.8428
884 944 4.7322
886 884 20.7171
886 890 19.8828
886 971 5.7942
886 995 5.2785
890 886 19.8828
890 975 22.9293
890 903 10.7496
890 905 7.0677
893 896 15.9138
896 893 15.9138
896 897 25.3503
896 999 6.3441
896 933 3.3912
897 896 25.3503
897 901 25.9587
897 945 11.5155
897 937 4.0077
901 897 25.9587
901 878 20.1672
901 941 3.663
902 903 5.3406
902 999 18.6426
902 1001 17.3529
903 902 5.3406
903 890 10.7496
903 983 18.8208
903 975 18.0639
905 890 7.0677
905 846 1.5984
905 832 25.9506
906 907 3.9861
906 10512 26.0055
907 8147 2.7171
907 10149 19.8257
908 933 2.2158
908 934 6.9831
921 931 32.6907
921 992 11.1825
921 6189 12.2751
931 921 32.6907
931 933 23.184
931 8664 14.1984
933 931 23.184
933 908 2.2158
933 896 3.3912
934 908 6.9831
934 935 4.4685
935 934 4.4685
935 936 12.5865
935 6957 9.4743
936 935 12.5865
936 937 1.2816
936 6957 11.2554
937 936 1.2816
937 941 21.3948
937 897 4.0077
941 937 21.3948
941 10269 21.0276
941 901 3.663
942 884 5.8428
942 971 21.015
942 838 33.8778
944 884 4.7322
944 945 5.7474
944 981 12.0555
945 944 5.7474
945 897 11.5155
945 997 14.6142
945 999 19.4355
971 846 18.6858
971 942 21.015
971 886 5.7942
975 890 22.9293
975 903 18.0639
975 992 9.4635
981 983 9.1278
981 995 8.4996
981 944 12.0555
983 981 9.1278
983 903 18.8208
983 995 3.5676
983 999 4.9572
992 975 9.4635
992 832 6.4359
992 921 11.1825
993 995 13.8627
995 993 13.8627
995 981 8.4996
995 886 5.2785
995 983 3.5676
997 945 14.6142
999 945 19.4355
999 902 18.6426
999 983 4.9572
999 896 6.3441
1001 902 17.3529
1005 1018 66.5721
1005 3849 12.3114
1005 4246 5.5026
1018 1019 9.4923
1018 1304 1.0071
1018 6972 33.7518
1019 8262 40.1652
1019 1048 1.4391
1019 6963 8.8182
1047 1048 9.0252
1048 6164 19.6884
1048 1304 9.3978
1048 1019 1.4391
1052 3857 24.2024
1052 2037 17.2845
1056 5212 13.6256
1056 1064 28.1907
1056 5563 17.8605
1056 5369 40.3677
1064 1056 28.1907
1064 1073 8.0622
1065 1073 2.29725
1065 1601 21.1451
1073 5229 2.87055
1073 5213 3.49245
1079 7127 2.50695
1079 7158 4.1607
1088 2731 10.6692
1088 1091 12.8079
1088 6545 5.946
1091 1096 31.5963
1091 2845 17.7453
1091 11067 26.0478
1096 1129 38.1732
1096 482 30.7287
1096 5811 11.9226
1104 2042 24.7734
1104 12503 47.8143
1113 1120 8.7264
1113 7049 15.8877
1120 53 9.4104
1120 2500 9.2007
1120 47 8.829
1124 1125 2.4147
1124 6524 10.7322
1125 1332 2.11995
1125 1451 11.6919
1126 1127 17.4942
1126 11063 19.7064
1126 2920 8.775
1127 1126 17.4942
1127 1129 13.3794
1127 6047 19.5336
1127 2921 9.4104
1129 1127 13.3794
1129 5563 12.7386
1129 1136 15.6042
1129 1096 38.0868
1136 1129 15.6042
1139 585 30.5442
1139 1165 27.4158
1139 1815 70.1649
1157 10411 28.8423
1157 7555 9.70875
1157 6563 7.00695
1157 5086 20.4876
1158 1160 11.7
1158 2091 13.6752
1158 4638 12.1896
1160 1158 11.7
1160 1161 1.0152
1160 2548 24.7959
1161 1160 1.0152
1161 1162 9.4644
1161 2088 20.5299
1162 1161 9.4644
1162 1165 9.3789
1162 2108 24.6546
1162 2087 20.5164
1165 1162 9.3789
1165 588 16.3842
1165 2082 39.9834
1165 1139 27.4158
1166 1169 13.7958
1166 1394 4.9311
1166 8642 0.7854
1169 1166 13.7958
1169 1170 14.8902
1169 1395 9.9783
1169 6098 29.6514
1170 1169 14.8902
1170 1713 12.8778
1170 6044 19.725
1171 1172 0.9837
1171 6132 13.7367
1171 10400 10.0566
1172 1171 0.9837
1172 6573 12.1068
1173 1174 10.017
1173 458 6.2559
1174 1173 10.017
1174 690 9.873
1174 554 12.6126
1176 713 9.9549
1176 1185 12.4299
1176 453 12.6207
1185 1176 12.4299
1185 1189 7.3638
1185 5375 13.6161
1189 1185 7.3638
1189 1191 8.1837
1189 5372 13.8933
1191 1189 8.1837
1191 1549 26.6391
1191 7220 10.2861
1194 1195 6.3918
1194 5375 9.8802
1195 677 25.1451
1195 709 11.9529
1198 1199 7.6401
1198 5615 23.5719
1198 2384 13.4802
1199 1200 9.603
1199 2385 14.031
1199 2508 23.6106
1200 2386 14.607
1200 1216 16.911
1206 2831 8.0124
1206 6141 8.9766
1207 426 9.936
1207 6163 5.8416
1213 426 10.5894
1213 359 12.5001
1213 6144 7.4286
1214 1216 15.1335
1214 4291 3.6495
1216 1214 15.1335
1216 2358 15.4197
1216 6470 17.9136
1217 1223 17.037
1217 2720 9.75465
1223 1224 0.9108
1223 1172 26.217
1224 1225 13.9554
1225 1227 13.8492
1225 2876 8.1405
1227 1228 9.0036
1227 2725 4.4046
1228 1230 12.1518
1228 2832 8.8533
1228 2834 7.7598
1230 1232 16.1406
1230 2869 8.0757
1232 1088 9.0036
1232 2736 8.0064
1232 2740 8.6148
1235 1237 4.941
1235 2749 3.5994
1237 2117 7.2378
1237 2781 2.439
1237 1235 4.962
1261 1263 10.278
1261 1482 17.6508
1263 4739 11.7336
1263 2295 11.2757
1263 5406 48.2772
1263 1315 38.7873
1264 1269 47.5362
1264 7759 12.2772
1264 598 18.7461
1264 1282 8.9376
1269 1264 47.5362
1270 1274 18.1539
1270 1790 11.5344
1274 1270 18.1539
1274 1277 13.5117
1274 4854 24.0372
1274 4862 24.3081
1277 1274 13.5117
1277 1281 15.7743
1277 5949 6.9912
1277 5583 16.0641
1281 1277 15.7743
1281 5585 8.19855
1282 1284 9.3609
1282 7878 5.349
1284 1282 9.3609
1284 1285 2.7954
1284 6751 5.877
1285 1284 2.7954
1285 601 6.4593
1285 6752 5.8653
1291 601 22.5351
1291 1295 16.0569
1291 6987 13.4946
1295 1291 16.0569
1295 6557 6.71085
1297 6765 4.3128
1297 1299 11.862
1297 12216 4.3245
1299 1297 11.862
1299 1301 6.1632
1299 12305 4.0581
1301 1299 6.1632
1301 1302 5.7753
1301 12306 3.8592
1302 1301 5.7753
1302 1303 10.2357
1302 12328 7.5303
1303 1302 10.2357
1303 807 17.2719
1303 11851 3.7053
1304 1018 1.0071
1304 1005 66.9996
1315 1125 1.3977
1315 1521 1.92015
1332 1261 27.4126
1332 1315 1.99755
1333 1338 21.3372
1333 9796 14.9094
1333 4837 26.2368
1338 1333 21.3372
1338 1340 10.8414
1338 4383 21.0294
1338 8620 22.1796
1340 1338 10.8414
1340 9801 11.1793
1340 4386 10.2901
1341 174 3.726
1341 6500 18.927
1341 5457 2.3604
1344 1346 3.2022
1344 4388 17.1318
1346 790 6.3567
1346 786 1.38105
1347 1353 3.2238
1347 3532 8.30565
1353 1 4.9692
1353 8 5.5572
1355 1356 7.7742
1355 4926 11.0376
1356 1372 11.1591
1356 1537 6.8445
1357 1359 11.3382
1357 7209 6.0948
1357 10159 19.5525
1359 1357 11.3382
1359 1361 13.4415
1359 1695 10.5957
1359 10159 16.5069
1361 1359 13.4415
1361 1363 19.773
1361 1378 10.6191
1363 1361 19.773
1363 2680 17.4195
1363 6058 10.2915
1363 10614 12.1959
1364 1368 15.7302
1364 7077 7.6536
1364 9603 5.265
1368 1364 15.7302
1368 1369 2.8269
1368 7081 5.9058
1369 1368 2.8269
1369 1370 3.9294
1369 9603 23.0508
1369 7102 12.3975
1370 1369 3.9294
1371 1372 7.0101
1372 1371 7.0101
1372 1373 7.3647
1372 1543 11.0646
1372 1356 11.1591
1373 1372 7.3647
1373 1374 7.1757
1373 1535 11.295
1373 1537 11.2761
1374 1373 7.1757
1374 270 6.7941
1374 1499 11.4984
1374 1526 4.1769
1378 1361 10.6191
1378 6058 9.26685
1382 1383 3.8682
1382 422 7.90965
1383 1382 3.8682
1383 1387 15.5583
1383 5760 49.7745
1387 1383 15.5583
1387 1389 9.9468
1387 7089 3.9573
1389 1387 9.9468
1389 1393 7.2414
1389 7093 21.1779
1389 404 29.7243
1393 1389 7.2414
1393 5171 5.5395
1394 1395 20.7459
1394 1397 4.94595
1395 1394 20.7459
1395 1396 23.4846
1395 1400 9.9648
1395 1169 9.9783
1396 1395 23.4846
1396 1170 6.5598
1397 1400 20.6523
1397 1966 4.806
1400 1397 20.6523
1400 1401 23.5539
1400 6091 9.4599
1400 1395 9.9648
1401 1400 23.5539
1401 1396 6.8388
1402 1408 19.095
1402 1414 18.2529
1402 1422 2.1807
1402 2942 12.2544
1408 10760 11.0502
1408 1402 19.296
1408 2958 9.8556
1408 5199 28.7922
1414 1415 2.4588
1414 2337 16.659
1415 1408 9.1575
1415 2337 16.6338
1422 4288 1.5732
1422 1200 23.1237
1424 1431 2.691
1424 4289 2.889
1431 10747 4.9566
1432 1438 46.6956
1432 5984 2.6838
1438 1432 46.6956
1438 1445 30.8079
1438 6714 19.6227
1445 1438 30.8079
1445 8444 3.42
1446 1447 7.8489
1446 1542 13.7205
1446 1547 6.8841
1447 1446 7.8489
1447 277 4.8258
1447 1577 12.546
1448 277 8.1414
1448 1450 8.8569
1450 1448 8.8569
1450 5906 5.62545
1451 7706 9.76815
1451 3768 0.5607
1451 4825 5.0868
1464 1469 1.62855
1464 4386 8.45595
1469 4813 1.60875
1469 7719 1.818
1470 1479 1.8558
1470 1790 2.4258
1479 6281 21.0766
1482 1261 17.6508
1482 1484 13.8294
1482 10238 10.5084
1484 1482 13.8294
1484 4409 1.0791
1488 1496 2.6994
1488 1839 3.6144
1496 1851 7.8942
1498 1499 11.2761
1498 267 6.6627
1499 1498 11.2761
1499 1374 11.4984
1499 1535 6.9543
1501 1503 12.2724
1501 5375 21.1734
1503 1504 6.3279
1503 7202 3.54285
1504 273 11.2221
1504 7228 5.46795
1506 1507 7.2333
1506 1545 6.7554
1507 1508 5.3109
1507 1537 6.7185
1507 1542 33.4206
1508 302 10.0503
1513 1562 12.7194
1521 4416 3.4119
1521 5732 52.6734
1522 1523 5.112
1522 1548 12.5541
1523 356 5.47515
1523 5891 3.42855
1524 1525 6.2577
1524 7203 2.0745
1525 271 11.2923
1525 11657 3.5703
1526 1374 4.1769
1526 1545 7.0632
1535 1373 11.295
1535 1543 7.7094
1537 1373 11.2761
1537 1507 6.7185
1537 1545 7.0155
1542 1507 33.4206
1542 1446 13.7205
1542 1578 6.6555
1543 1372 11.0646
1543 4926 10.404
1545 1526 7.0632
1545 1506 6.7554
1545 272 6.7833
1546 308 24.2028
1546 1547 6.9849
1547 1546 6.9849
1547 1446 6.8841
1547 1578 14.0346
1548 1448 10.998
1548 276 7.713
1549 1551 16.3602
1549 1191 26.6391
1551 1524 7.7067
1551 5384 7.0866
1551 5385 4.1796
1552 2314 7.9332
1552 2322 1.5126
1562 4964 3.9942
1564 1566 7.2477
1564 278 5.0985
1566 1567 1.6551
1566 5937 6.966
1567 1569 9.5778
1567 5923 7.1127
1569 11384 21.9366
1569 11408 6.8508
1572 1573 2.8089
1572 5923 6.4845
1572 3362 5.4783
1573 1572 2.8089
1573 1576 9.6849
1576 1573 9.6849
1576 11404 12.5127
1576 3372 9.3654
1577 1542 7.5393
1577 1447 12.546
1578 1579 5.6403
1578 9486 21.6918
1579 308 8.0361
1579 1546 14.3685
1580 1585 3.7656
1580 9817 17.4018
1585 3073 3.8526
1585 4914 3.4002
1601 3883 0.9594
1601 1064 13.1954
1601 3889 12.4992
1601 5823 14.5607
1604 1611 20.2455
1611 806 24.2374
1611 780 3.0564
1614 1615 1.9668
1614 5969 4.2912
1615 2009 2.9322
1615 2005 3.9384
1616 1618 3.42135
1616 1627 4.0722
1618 2021 14.5679
1619 1627 4.6845
1619 1618 3.4584
1627 1733 20.5308
1628 1629 3.3669
1628 1750 4.3488
1629 7166 8.80155
1633 1634 3.64545
1633 1734 1.6074
1634 1882 23.1525
1635 1639 6.4926
1635 5426 2.718
1639 1641 12.4368
1641 4700 21.1032
1651 1628 13.689
1661 4382 3.0378
1661 6407 6.7338
1662 1674 25.0458
1674 4733 9.387
1676 1679 12.186
1676 5531 5.54535
1679 2616 10.3059
1679 1683 7.9605
1683 11234 7.9875
1683 6610 10.6695
1684 3891 4.88205
1684 590 11.3445
1684 1718 6.90615
1695 655 7.37595
1695 767 16.9128
1695 1359 10.5957
1695 1378 6.99075
1695 5811 5.0394
1713 1714 6.7686
1713 2675 13.0086
1714 2674 6.52995
1714 1401 6.2196
1714 10402 4.1382
1714 6091 11.8355
1716 1717 8.5218
1716 702 6.6735
1717 721 4.662
1717 8255 7.2438
1718 267 20.3157
1718 1725 4.88205
1718 1695 17.1104
1725 654 5.3667
1725 668 8.92215
1733 1734 2.8398
1733 12224 45.0999
1734 1735 2.8362
1735 1614 13.2906
1735 1634 1.7748
1736 1744 3.55095
1736 7742 12.7071
1744 4892 7.6959
1750 1604 24.93
1761 1767 11.2494
1767 1772 9.633
1767 9659 5.4081
1772 1651 10.4076
1772 9672 3.4542
1777 1784 23.2746
1784 1761 3.5814
1784 1789 2.4648
1784 1981 3.4716
1789 1981 1.58355
1789 1635 2.241
1790 5761 10.6506
1790 8059 3.8214
1790 593 18.6889
1790 1479 1.8216
1795 11895 10.2771
1795 11552 4.6305
1795 9493 3.6342
1803 1498 18.9162
1803 4888 4.7475
1809 1814 3.234
1809 1832 4.73085
1809 2275 12.9812
1814 6372 10.6458
1815 1822 8.0334
1815 1139 70.1649
1822 8189 11.6253
1823 1825 10.7484
1823 2388 7.299
1825 1832 1.9074
1825 1814 2.1816
1832 1809 4.73085
1832 10501 4.5378
1832 7595 5.6142
1832 8674 9.0954
1834 1341 2.1738
1834 7624 1.21275
1834 5457 0.97065
1835 1838 20.5326
1835 1340 11.0304
1838 1484 0.9288
1839 1496 3.9444
1839 4918 8.2398
1842 1750 4.59
1842 1629 3.4446
1851 11805 10.887
1854 1861 4.1046
1854 1910 5.448
1861 5866 11.9043
1861 540 18.3516
1864 1865 6.5436
1864 10435 5.0463
1865 1867 9.2628
1867 2992 4.8708
1867 11648 12.4542
1869 1052 68.4684
1869 9179 13.6521
1882 1883 3.7467
1882 8174 73.6416
1883 1885 1.4301
1883 2015 3.06
1885 12503 18.5085
1895 1897 12.1836
1897 1898 9.3864
1897 3499 20.6973
1898 1899 3.336
1898 10434 4.7439
1899 1900 3.1326
1899 10146 20.4705
1900 1901 13.992
1901 1904 12.81
1901 3493 20.5884
1904 1910 4.7268
1904 1861 2.1882
1910 3507 6.282
1911 4276 23.0625
1918 1920 10.6749
1920 1921 1.75635
1921 1922 3.47175
1922 1951 5.1075
1922 10577 3.06585
1934 1939 27.8928
1939 1941 6.6348
1939 3451 20.4435
1941 1942 4.275
1941 3424 20.5056
1942 12487 11.2206
1942 3425 20.4993
1951 1954 14.7438
1951 1911 10.8387
1954 12487 4.4892
1954 7196 3.7899
1961 10674 38.8536
1961 12511 4.869
1966 6091 10.2875
1966 1970 4.815
1966 5082 9.74385
1966 11072 6.65955
1970 2851 14.2281
1970 6084 20.8206
1970 6120 5.07645
1971 1978 4.7214
1971 8345 1.4802
1978 2057 31.8336
1981 1983 4.73265
1983 1104 14.3167
1983 3948 18.5922
1996 1997 2.184
1996 9163 2.187
1997 1999 11.2968
1999 2005 3.8502
1999 2009 4.1337
2005 9437 29.2638
2009 2013 18.7602
2013 2015 1.9092
2013 1885 2.8944
2015 2019 15.7632
2019 2020 2.7972
2019 2072 5.8383
2020 1961 5.25
2021 1777 4.389
2021 3950 62.8731
2037 817 2.0058
2038 2042 2.1834
2038 2044 12.7572
2042 2044 9.1032
2044 1615 6.6
2044 5969 3.711
2047 1978 4.521
2047 6765 2.3028
2057 2058 3.8472
2057 8340 3.9762
2058 2069 13.7112
2069 2072 3.4392
2069 2020 4.9059
2072 1996 21.831
2077 1237 8.8806
2077 2120 0.8082
2077 2082 9.678
2078 2079 11.6955
2078 2095 12.2766
2078 2092 15.6198
2079 2080 0.846
2079 2123 19.0422
2080 2081 9.0279
2080 5470 18.369
2081 2082 6.0804
2081 2115 18.9819
2082 2121 13.1298
2082 2085 10.6236
2082 2077 9.879
2085 2077 11.0778
2086 2087 9.7236
2086 1165 13.626
2087 2086 9.7236
2087 2088 9.0531
2087 1162 20.5164
2087 2115 19.6578
2088 2087 9.0531
2088 2089 1.071
2088 5463 8.9325
2089 2088 1.071
2089 2091 11.5029
2089 1160 20.5272
2091 2089 11.5029
2091 2092 10.2564
2091 1158 13.6752
2092 2093 11.8206
2092 2078 15.6198
2092 2091 10.2564
2093 2092 11.8206
2093 2547 6.6546
2094 2095 10.3614
2094 1237 19.5669
2095 2094 10.3614
2095 2078 12.2766
2104 2108 17.5491
2104 5464 5.0283
2104 12171 3.9069
2108 2104 17.5491
2108 1162 24.6546
2108 5468 9.1494
2115 2087 19.6578
2115 2081 18.9819
2115 2121 9.8892
2115 2122 8.9253
2117 2120 1.5552
2117 2077 1.2006
2120 5470 5.4744
2121 2115 9.8892
2121 2086 13.1214
2122 2115 8.9253
2122 2123 0.7362
2122 2080 18.9864
2123 2122 0.7362
2123 2093 4.2687
2124 2355 33.7261
2124 4145 11.9814
2126 2441 4.2336
2126 11019 10.17
2167 2168 4.1679
2167 8782 23.5728
2168 2169 0.96525
2169 6343 2.5884
2169 2529 24.2469
2170 2176 2.99655
2176 10718 18.0185
2176 2224 3.411
2177 2223 37.5498
2177 4140 18.5126
2190 2195 4.72005
2190 4172 19.1435
2195 2177 3.71205
2196 2206 22.0581
2196 4658 25.3755
2206 2216 7.3809
2206 2236 5.0706
2216 11740 8.58
2217 2195 4.7436
2217 4172 21.9798
2223 2196 3.3786
2224 2236 10.9008
2224 2216 7.9968
2236 2237 14.3433
2237 2223 5.1309
2237 9634 5.4279
2242 12171 13.5666
2242 2249 21.4416
2249 2251 14.208
2251 8367 13.383
2251 5834 8.991
2251 5832 11.6988
2253 588 2.9148
2270 2275 45.1908
2270 6377 13.5639
2270 2276 10.0332
2275 2270 45.1908
2275 2281 7.46775
2275 1809 12.9812
2276 2278 20.7612
2276 2270 10.0332
2276 5836 10.1781
2278 2276 20.7612
2278 2279 19.7703
2278 5834 10.0152
2279 2278 19.7703
2279 2281 11.6721
2279 5833 12.3516
2281 2279 11.6721
2281 2275 7.46775
2281 585 26.0433
2281 12169 9.85005
2283 2288 1.3833
2283 4588 3.4674
2288 2124 1.60695
2288 4588 2.526
2289 2295 47.7081
2289 1340 11.1852
2295 6281 21.2791
2295 1263 11.2325
2297 25 6.1344
2300 2302 9.1422
2300 3896 6.8844
2302 108 12.2301
2303 2313 6.5601
2303 5290 2.88315
2313 2167 9.7407
2313 5830 1.8207
2314 2317 4.6971
2314 9817 7.2714
2314 1552 7.9332
2317 9796 15.8148
2317 8620 12.4821
2322 5166 4.47705
2328 4873 12.7572
2328 4879 1.9266
2337 1414 16.659
2337 4291 12.108
2337 1415 16.6338
2355 6305 6.7239
2358 1216 15.4197
2358 2386 15.1857
2358 2366 0.5526
2359 2366 28.5939
2359 4602 11.4975
2359 6024 9.3123
2359 2576 1.062
2360 2359 11.6424
2360 4602 2.301
2366 2374 15.3063
2366 2358 0.5526
2366 2359 28.5939
2374 2400 6.8562
2375 2366 15.0435
2375 2374 2.781
2382 2383 3.3291
2382 2688 18.5769
2382 2576 19.4229
2383 2382 3.3291
2383 6025 8.6148
2383 10917 52.7364
2384 2385 6.8481
2384 1198 13.4802
2384 2402 13.9635
2385 2384 6.8481
2385 2386 9.7587
2385 2401 13.0653
2385 1199 14.031
2386 2385 9.7587
2386 2358 15.1857
2386 2400 13.9068
2388 2389 2.9583
2389 5281 7.77195
2391 2395 14.8758
2391 2461 4.7316
2395 2375 19.2612
2400 2401 7.2426
2401 2402 9.8886
2401 2385 13.0653
2402 2406 7.2276
2402 2384 13.9635
2406 2410 10.3794
2406 10862 13.4379
2410 2420 19.5984
2410 4538 5.61105
2420 3907 11.2487
2421 2461 14.319
2441 2444 9.8652
2441 11020 8.5131
2444 2456 7.1226
2456 2459 11.304
2456 7262 101.667
2459 10918 30.2859
2459 2395 2.6082
2461 2391 4.7316
2474 2475 1.70325
2474 4948 3.2022
2475 298 5.60385
2477 14 19.1529
2477 2480 23.6727
2477 2493 10.1106
2480 2477 23.6727
2480 14 4.62015
2480 3109 9.06525
2493 2477 10.1106
2494 2498 2.2527
2494 7988 2.4336
2498 7988 1.7352
2498 7978 1.3788
2500 1120 9.2007
2500 107 8.1846
2508 1199 23.6106
2508 8677 4.6254
2510 8517 9.5949
2521 2522 10.4832
2521 4491 3.327
2521 3161 9.1068
2522 2521 10.4832
2522 2526 20.7414
2522 3207 4.8162
2522 3218 3.4236
2526 2522 20.7414
2526 2527 10.8558
2526 2643 9.9585
2526 2647 9.7227
2527 2526 10.8558
2527 2528 10.0962
2527 2657 9.7893
2527 2660 9.8559
2528 2527 10.0962
2528 2529 19.0413
2528 2651 9.7425
2528 2653 9.8478
2529 2528 19.0413
2529 2169 24.2469
2529 8782 9.7902
2530 2531 6.2181
2531 8428 37.7613
2531 10282 8.5383
2533 2536 3.57525
2536 2543 16.1451
2543 2303 3.816
2543 8975 10.4682
2547 2089 8.8074
2547 5463 0.9198
2548 4588 11.9349
2557 503 21.5523
2557 5094 2.8845
2557 10448 13.6089
2571 2576 11.5398
2571 2578 11.0952
2571 6475 9.9243
2576 2382 19.4229
2576 2359 1.062
2578 2571 11.0952
2578 2360 6.5772
2579 2587 13.4442
2579 139 7.2747
2579 4759 12.0411
2587 2579 13.4442
2587 2594 8.7165
2587 12067 2.9241
2594 2587 8.7165
2594 6001 12.8903
2595 133 8.9208
2599 4988 23.1552
2600 2602 15.9468
2600 60 2.68965
2602 114 15.8184
2602 4988 4.5558
2603 2604 9.9198
2603 6260 7.1199
2604 2603 9.9198
2604 2605 12.9339
2604 6609 3.519
2605 2604 12.9339
2605 2607 15.1254
2605 2613 4.4406
2607 2605 15.1254
2607 10228 4.8516
2607 2614 2.9628
2608 2612 9.9864
2608 2603 3.6342
2612 2608 9.9864
2612 2613 12.834
2612 2604 2.0934
2613 2612 12.834
2613 2614 15.183
2613 2778 7.452
2614 2613 15.183
2614 2607 2.9628
2614 2775 5.3658
2616 1679 10.3059
2616 2617 12.9816
2616 6610 3.9258
2617 2616 12.9816
2617 2618 14.9913
2617 8800 7.3755
2618 2617 14.9913
2618 2619 12.7413
2618 2748 5.025
2618 10228 5.0676
2619 2618 12.7413
2619 2781 7.281
2619 2755 36.4986
2620 1206 17.193
2620 2846 0.9846
2620 6545 5.9274
2624 2085 11.6382
2624 2755 3.5172
2624 2783 30.7788
2642 4918 7.3194
2642 297 4.5282
2643 2526 9.9585
2643 3149 6.1476
2647 2526 9.7227
2647 2650 20.2761
2647 2660 10.8279
2647 3219 20.4264
2650 2647 20.2761
2650 2709 11.7774
2650 2662 5.02875
2651 2528 9.7425
2651 2657 6.8532
2653 2528 9.8478
2653 2654 9.9009
2653 8170 9.6714
2653 2660 10.1745
2654 2653 9.9009
2654 2656 10.1493
2654 8167 9.4914
2656 2654 10.1493
2656 2707 11.547
2656 8172 4.7106
2657 2527 9.7893
2657 2643 7.2024
2660 2527 9.8559
2660 2662 20.2131
2660 2653 10.1745
2660 2647 10.8279
2662 2660 20.2131
2662 2708 11.7405
2662 2656 5.2992
2663 2664 11.4273
2663 2707 9.91485
2664 2663 11.4273
2664 8166 10.143
2664 2313 11.8125
2665 2669 17.3376
2665 2674 9.6066
2665 2675 0.918
2669 2665 17.3376
2669 2673 13.1697
2669 6044 19.656
2669 6047 10.0584
2673 2669 13.1697
2673 6067 3.48
2674 2665 9.6066
2674 6047 7.53435
2675 2665 0.918
2675 2677 13.2903
2675 1713 13.0086
2677 2675 13.2903
2680 1363 17.4195
2688 2382 18.5769
2688 2690 14.76
2688 6475 21.1113
2690 2688 14.76
2690 6505 20.1132
2690 2698 1.08
2691 2694 15.7725
2691 2928 12.7368
2694 2726 1.1043
2694 2690 12.4722
2694 6546 21.5631
2695 2697 17.6148
2695 4601 14.2296
2697 2698 20.1771
2697 6502 12.2319
2697 6505 1.4355
2698 2690 1.08
2698 2727 12.2544
2698 2726 11.8854
2699 10149 10.9314
2699 10577 2.82105
2699 818 3.87
2707 2708 4.7295
2707 2656 11.547
2708 2709 5.44455
2708 2662 11.7405
2709 2719 9.5346
2719 3532 4.18995
2719 3809 18.8622
2720 2722 7.3305
2720 1223 8.892
2722 2725 6.8436
2722 1225 8.829
2725 2832 6.0576
2725 6138 4.3065
2726 2694 1.1043
2726 2727 16.5798
2726 8258 10.5696
2727 2726 16.5798
2727 2929 4.6206
2727 6502 20.0907
2727 2698 12.2544
2728 2730 14.8869
2730 2728 14.8869
2730 6502 15.5835
2730 12447 20.1042
2731 2735 9.1017
2731 5370 6.9084
2731 1088 10.6542
2733 2735 10.1115
2733 2859 9.2871
2733 5370 9.0837
2733 6107 14.8761
2735 2733 10.1115
2735 2736 8.2089
2735 2731 9.1017
2735 6101 15.795
2736 2735 8.2089
2736 1232 8.0064
2736 2869 15.885
2740 1232 8.6148
2740 6545 6.084
2745 509 2.2938
2745 701 1.986
2748 701 4.9662
2748 8798 14.9382
2748 2618 5.025
2749 2745 3.6918
2749 509 2.136
2755 2762 21.8898
2755 2619 36.4986
2755 2624 3.5172
2762 2755 21.8898
2762 2764 15.2064
2762 2775 5.064
2762 2799 4.9908
2764 2762 15.2064
2764 2766 12.7854
2764 2798 9.4581
2766 2764 12.7854
2766 2769 9.3897
2766 2780 3.95325
2769 2766 9.3897
2769 2795 19.5615
2775 2778 15.3225
2775 2614 5.3658
2775 2762 5.064
2778 2775 15.3225
2778 2780 12.7107
2778 2764 7.8777
2780 2778 12.7107
2780 2612 3.7089
2781 2619 7.281
2781 2748 10.2654
2783 2624 30.7788
2783 6136 4.9608
2783 2799 11.877
2793 2795 10.1898
2793 2769 10.0719
2795 2793 10.1898
2795 2802 9.1503
2795 2769 19.5615
2796 2798 12.8583
2796 2766 4.8249
2798 2796 12.8583
2798 2799 15.1884
2798 2805 8.4627
2799 2798 15.1884
2799 2783 11.877
2799 2762 4.9908
2800 2802 11.8755
2800 2793 8.4474
2802 2800 11.8755
2802 2803 3.285
2802 2795 9.1503
2803 2802 3.285
2803 2951 4.22415
2804 2805 13.0779
2804 2796 4.29165
2805 2804 13.0779
2805 6134 9.4833
2817 7188 1.5342
2817 1173 5.3658
2817 554 6.4818
2822 2825 7.9488
2822 5131 10.8117
2825 2826 1.70865
2825 5127 11.4633
2826 2828 4.26285
2826 5152 11.4246
2828 355 5.76945
2828 5906 1.7595
2830 2831 9.7362
2830 2800 9.5859
2830 6607 4.6071
2831 2830 9.7362
2831 2832 8.6481
2831 6138 6.042
2832 2831 8.6481
2832 1228 8.8533
2832 6141 7.9716
2834 1228 7.7598
2834 2835 8.3196
2834 2869 12.0222
2834 2873 9.1647
2835 2834 8.3196
2835 2836 10.0854
2835 6101 11.6334
2835 6122 9.261
2836 2835 10.0854
2836 2837 9.3267
2836 6121 9.2655
2836 6110 11.0007
2837 2836 9.3267
2837 2838 0.54
2838 2837 0.54
2838 2839 0.7272
2838 2862 9.4059
2839 2838 0.7272
2839 2841 9.2736
2839 6112 10.7649
2841 2839 9.2736
2841 2861 11.1717
2841 6052 9.5913
2845 6058 8.6229
2846 2845 12.6432
2846 4224 5.829
2850 2851 13.3947
2850 6578 10.1286
2851 2850 13.3947
2851 1970 14.2281
2851 11072 9.5085
2853 2858 17.3367
2853 2940 6.2274
2853 6089 9.3792
2858 2853 17.3367
2858 2859 0.99
2858 6792 9.1917
2859 2858 0.99
2859 2733 9.2871
2859 6104 14.382
2861 6089 7.7283
2861 6103 9.3609
2862 2838 9.4059
2862 2864 14.2875
2862 6121 4.77045
2864 2862 14.2875
2864 2865 13.7493
2864 6055 10.6389
2865 2864 13.7493
2865 1171 8.9748
2869 2736 15.885
2869 2834 12.0222
2869 1230 8.0757
2869 6101 8.1243
2873 2834 9.1647
2873 2876 13.9194
2873 1227 3.92805
2876 2873 13.9194
2876 2878 13.7898
2876 6130 7.7022
2878 2876 13.7898
2878 1224 8.4636
2920 2921 16.9929
2920 1126 8.775
2920 11067 18.7965
2921 2920 16.9929
2921 2927 13.7889
2921 1127 9.4104
2927 2921 13.7889
2928 2691 12.7368
2928 2935 5.4405
2928 2939 22.4883
2929 2935 23.3973
2929 2727 4.6206
2929 12447 11.0088
2935 2929 23.3973
2935 2928 5.4405
2935 8258 12.6135
2939 2928 22.4883
2940 6088 6.4524
2940 2853 6.2274
2940 5370 18.2712
2942 2945 36.6939
2942 8367 11.9784
2945 2942 36.6939
2945 1408 17.8908
2951 1206 10.2537
2951 2830 6.7914
2951 4224 11.8535
2952 2953 16.1235
2952 5261 21.9342
2952 5266 6.4536
2953 2952 16.1235
2953 7574 5.3856
2955 10957 1.46565
2955 5464 4.8645
2956 2958 30.2598
2956 1408 10.4628
2958 2956 30.2598
2958 4294 8.1474
2959 3024 24.9372
2959 553 1.827
2963 2966 8.5203
2963 2985 2.8062
2963 2975 2.0808
2966 2967 8.883
2966 543 37.9737
2967 2968 2.2968
2967 5217 2.3517
2968 2969 22.7475
2969 2970 28.3914
2969 548 21.4056
2969 3020 1.8009
2970 2972 23.1147
2970 3024 1.6416
2970 550 10.413
2972 553 1.8756
2972 551 2.583
2975 2963 2.0808
2975 2978 1.5498
2975 3025 4.086
2978 2975 1.5498
2978 2979 0.5364
2979 2978 0.5364
2979 2980 0.5346
2980 2979 0.5346
2980 2985 2.7288
2980 2992 3.8529
2985 2980 2.7288
2985 2963 2.8062
2992 1867 4.8708
2992 2985 3.6099
2993 2995 20.5803
2993 3016 10.0368
2993 3024 9.6084
2993 2996 25.3746
2995 2993 20.5803
2995 2959 8.43
2996 3014 36.2349
2996 3020 7.4934
2996 3015 9.1161
2996 2993 25.3746
3014 2996 36.2349
3014 3025 6.4908
3014 3026 14.4567
3015 3016 21.9726
3015 2996 9.1161
3015 3022 6.948
3016 3015 21.9726
3016 3019 17.9082
3016 3023 6.7995
3016 2993 10.0368
3019 3016 17.9082
3019 2995 8.4306
3020 2969 1.8009
3020 2996 7.4934
3020 5216 22.6638
3022 3015 6.948
3022 8453 20.4291
3023 3016 6.7995
3023 3022 20.1627
3024 2993 9.6084
3024 2970 1.6416
3024 3020 28.1457
3025 3014 6.4908
3025 2979 4.0941
3026 3014 14.4567
3026 8460 2.4183
3043 9067 9.3933
3062 3064 5.6709
3062 228 7.8252
3062 241 2.8038
3064 252 3.0816
3064 7183 8.9226
3073 4914 4.2342
3073 4837 7.1136
3076 247 8.6103
3076 3087 30.9357
3076 3109 23.4099
3087 3076 30.9357
3109 3076 23.4099
3109 2480 9.06525
3109 11217 11.2163
3116 3140 33.2226
3116 8189 28.0607
3140 1815 9.9756
3149 3160 5.4891
3149 3207 8.9736
3149 3212 7.0656
3160 3169 6.735
3161 3164 8.28
3161 4616 7.4652
3161 2521 9.1068
3164 11229 6.1074
3164 3160 4.5264
3169 3173 20.4546
3169 3344 12.2625
3173 3174 14.421
3173 4658 12.5523
3173 10722 3.0789
3174 3175 0.2172
3174 10723 2.5803
3175 3176 0.1668
3175 3345 23.9868
3176 3184 10.0284
3184 3346 9.55935
3185 3206 8.39565
3185 2170 4.84785
3206 4663 13.3393
3207 2522 4.8162
3207 3212 2.5206
3212 3164 1.9998
3212 3161 6.2874
3218 2522 3.4236
3218 3219 2.9904
3218 4491 10.2519
3219 3218 2.9904
3219 3222 9.2094
3219 2647 20.4264
3222 3219 9.2094
3222 4501 3.489
3242 3245 1.7376
3242 8124 3.6792
3245 3246 5.4054
3246 3249 40.1214
3246 8424 5.4348
3249 3252 1.878
3249 7302 2.0514
3252 3258 29.8716
3258 3260 8.1666
3258 8253 1.9782
3260 3263 22.3614
3260 8252 2.1249
3263 3266 11.5602
3263 8254 2.0916
3266 7039 1.9008
3267 735 94.6449
3267 6500 26.7894
3310 3311 7.0803
3310 9731 2.7918
3310 9732 8.7714
3311 3310 7.0803
3311 3313 6.0957
3311 9837 1.2753
3313 3311 6.0957
3313 3314 3.8223
3313 9828 2.1366
3314 3313 3.8223
3314 3317 7.362
3314 9849 7.956
3317 3314 7.362
3317 10037 3.2229
3317 806 10.7064
3318 6248 16.7283
3318 8766 16.1163
3318 12005 17.5428
3325 3338 76.6908
3325 3564 4.27545
3325 4016 1.7982
3338 3325 76.6908
3338 3340 12.0789
3338 9071 28.0746
3340 3338 12.0789
3340 3342 10.9746
3340 12521 6.8004
3342 3340 10.9746
3342 11923 3.2664
3342 12276 21.8892
3344 3169 12.2625
3344 4616 31.4433
3344 4098 47.5425
3344 12005 14.7564
3345 3346 12.0096
3345 8768 12.6351
3345 3175 23.9868
3346 3345 12.0096
3346 9633 6.174
3362 278 1.8774
3362 3363 3.7107
3362 1572 5.4783
3363 3362 3.7107
3363 3372 11.6874
3363 1573 5.9778
3365 280 11.6793
3365 322 4.7889
3365 3371 6.0138
3367 301 3.1059
3367 280 9.3168
3371 3365 6.0138
3371 260 6.7968
3372 1851 10.4535
3372 1576 9.3654
3372 312 8.4879
3381 153 8.1009
3384 3385 11.9196
3384 499 6.2172
3384 3418 3.0438
3385 3384 11.9196
3385 3386 13.8591
3385 3392 3.0753
3385 500 5.9544
3386 3385 13.8591
3386 502 5.5188
3386 3404 3.3102
3387 3390 4.9824
3390 3387 4.9824
3390 3391 4.7466
3390 6685 4.9761
3391 3390 4.7466
3391 3392 4.4793
3391 3418 16.713
3391 3399 13.9302
3392 3391 4.4793
3392 3385 3.0753
3392 3418 11.9979
3392 3404 13.7565
3397 500 22.8951
3397 10442 11.448
3397 5094 19.9458
3399 3391 13.9302
3399 3404 4.5387
3399 3405 4.5126
3404 3386 3.3102
3404 3399 4.5387
3404 3392 13.7565
3405 3399 4.5126
3405 3411 19.8315
3405 6686 4.2012
3411 3405 19.8315
3411 3417 19.08
3411 6686 21.4776
3417 3411 19.08
3417 10685 11.6622
3418 3392 11.9979
3418 3384 3.0438
3418 3391 16.713
3424 1941 20.5056
3424 3425 7.0596
3424 3451 9.7542
3425 1942 20.4993
3425 3472 9.09
3425 3424 7.0596
3432 3438 70.8975
3438 3432 70.8975
3438 8047 11.301
3439 3447 20.3454
3439 3451 26.8506
3439 513 20.0871
3447 3439 20.3454
3447 6469 2.3337
3447 10577 51.2496
3451 1939 20.4435
3451 3424 9.7542
3451 3439 26.8506
3452 834 32.3118
3452 6189 12.3993
3452 8351 7.5789
3452 11858 7.8138
3471 839 44.3763
3471 6790 8.703
3472 3425 9.09
3472 1921 6.1074
3486 513 5.5962
3486 6463 14.0394
3486 6985 7.0884
3487 3493 34.9407
3487 10145 17.6556
3487 476 8.34
3493 3487 34.9407
3493 1901 20.5884
3493 6985 17.8056
3493 10146 25.5294
3497 3499 20.4192
3497 575 4.9005
3497 10144 29.0061
3499 3497 20.4192
3499 1897 20.6973
3499 10146 24.4251
3499 578 14.2848
3501 3472 4.7817
3501 1920 2.2608
3507 515 8.7255
3507 3486 5.997
3516 3519 10.7802
3516 4791 6.0399
3516 4759 21.1788
3519 3516 10.7802
3532 2650 8.0361
3535 3538 3.39795
3535 11919 2.9244
3538 3545 13.1603
3545 4035 1.28925
3545 3325 30.6846
3564 5001 9.7992
3564 4016 4.1436
3631 2190 4.33035
3631 4374 6.6936
3763 185 2.2572
3763 8878 1.8942
3768 1464 2.32695
3782 1451 15.9057
3782 4837 53.2872
3790 3796 6.1893
3790 4409 24.1047
3796 4396 1.6605
3796 1332 15.3139
3809 3811 1.72935
3809 9045 4.2414
3811 9045 3.3768
3811 4517 4.3902
3811 11422 2.61495
3811 10304 4.3566
3838 6448 7.9356
3849 6408 8.982
3849 858 2.565
3857 3860 1.9386
3860 1639 3.33855
3864 3860 4.6845
3864 5982 36.333
3867 3870 1.8222
3867 3950 1.905
3870 3873 23.2002
3873 3857 2.841
3873 3864 7.3971
3883 1601 0.5238
3889 3891 10.5768
3891 11906 10.5575
3891 12515 3.5091
3891 1684 5.68125
3896 37 6.30045
3897 3907 4.9491
3897 3914 6.1536
3907 5459 3.50865
3914 2288 9.8514
3917 792 4.3533
3917 3918 6.5817
3917 9714 7.5861
3918 3917 6.5817
3918 3919 16.7022
3918 9698 1.7514
3919 3918 16.7022
3919 4388 18.7572
3919 3921 9.8838
3919 5397 17.1972
3921 3919 9.8838
3921 3922 16.9632
3921 10073 4.851
3922 3921 16.9632
3922 3923 0.7947
3922 8521 39.7584
3923 3922 0.7947
3924 3946 60.6879
3924 4388 32.2956
3924 5397 94.0077
3946 3924 60.6879
3946 4376 4.1142
3948 3950 2.4594
3948 3870 2.0352
3950 5959 3.1704
3950 2047 2.3736
3950 1777 59.4567
3951 3952 7.0236
3951 9534 1.7775
3952 7239 12.3039
3952 9534 7.0236
3952 12327 11.6199
4016 4023 8.32095
4016 6657 13.2255
4016 3325 1.7982
4023 4025 1.58715
4023 6895 12.2589
4025 4028 1.9899
4025 6892 8.2827
4028 4031 1.8486
4028 6859 3.6477
4031 4035 17.9874
4035 3545 1.27305
4035 4044 15.2829
4044 4073 31.3947
4044 4083 18.5292
4073 4075 7.35435
4075 562 23.5341
4075 10711 22.5444
4083 4115 3.0072
4089 3535 15.207
4089 4083 2.5506
4089 4616 24.7464
4098 3344 47.5425
4098 4106 19.0452
4098 3535 28.9103
4106 4089 1.566
4115 4106 3.117
4115 4073 20.9472
4140 4098 3.78765
4145 2217 6.132
4145 4374 2.9046
4172 4567 5.72985
4174 4176 8.8803
4176 4174 8.8803
4176 4180 18.2853
4176 10015 13.842
4176 10053 22.6008
4180 4176 18.2853
4180 4844 4.2003
4181 1633 63.0441
4181 1842 54.0906
4224 6058 6.29505
4224 10614 6.7404
4224 2620 5.811
4224 2951 11.5821
4239 2846 2.0946
4239 2620 3.4848
4246 1005 5.5026
4246 1662 14.7654
4247 4248 1.3734
4248 8449 3.924
4248 4260 0.4977
4249 4259 11.9403
4249 10675 6.6198
4259 8562 3.6126
4260 4262 2.5188
4260 1918 23.1053
4262 4265 10.782
4265 4266 1.2426
4266 4268 4.3332
4266 4287 3.3129
4268 10676 7.7142
4268 8183 7.533
4276 489 9.3825
4287 8565 1.9773
4288 1424 4.9374
4289 4291 2.4534
4289 1214 4.0308
4291 1214 3.7548
4291 1431 5.22
4291 10760 18.2922
4291 6368 18.7497
4294 6377 4.9329
4294 4332 15.474
4296 4325 107.85
4325 4296 107.85
4325 9101 3.9987
4329 4294 15.732
4329 4332 1.248
4332 4336 1.0674
4336 2959 1.5516
4336 5193 25.1958
4357 4362 13.698
4357 10983 7.6626
4357 9648 2.6523
4357 10989 3.0033
4362 4363 8.316
4362 10980 1.8198
4363 10760 18.8973
4363 6675 23.1345
4363 6471 0.4599
4367 2420 3.72735
4367 4542 5.03775
4374 3914 3.9306
4376 4378 4.743
4376 4701 9.1143
4378 3838 25.5156
4382 4246 5.2272
4383 4386 10.7721
4383 4443 1.7334
4383 1338 21.0294
4386 1340 10.2983
4386 1838 16.4061
4386 4443 10.7253
4386 4814 5.24295
4388 3924 32.2956
4388 3919 18.7884
4388 1344 17.1318
4396 1451 2.6073
4396 3768 6.3387
4401 2289 8.48115
4401 5592 2.17755
4405 4408 4.6845
4405 5106 13.626
4408 8858 7.5132
4408 5331 2.19465
4409 4386 16.4349
4409 1484 1.0791
4409 3790 24.1047
4416 4418 10.1858
4416 5678 18.3996
4418 4427 18.7205
4418 5650 43.2981
4427 8834 1.73115
4443 4825 20.2185
4443 4383 1.7334
4453 4454 2.8458
4453 6044 43.8849
4453 8591 9.909
4454 4453 2.8458
4491 1 12.4362
4491 2521 3.327
4491 3218 10.2519
4494 4497 9.6894
4494 11429 7.7391
4497 11422 6.0684
4497 3811 4.3578
4501 3532 3.2604
4517 10304 6.1062
4517 3811 2.7549
4538 4367 5.10975
4542 3631 2.03085
4542 7017 1.79415
4567 568 3.33765
4567 9613 5.8428
4574 3631 3.86955
4574 7017 2.5839
4588 4640 1.2726
4588 4638 1.1712
4591 4598 11.2164
4591 2355 5.15925
4598 2695 8.8182
4598 6502 21.7908
4601 2578 7.0362
4601 6475 11.1942
4602 4603 5.16
4603 2126 11.6706
4603 6024 10.575
4616 3161 7.4652
4616 4089 24.7464
4616 3344 31.4433
4638 4640 1.6176
4638 1158 12.1896
4640 2124 3.4674
4658 2196 25.3755
4658 3173 12.5523
4658 12005 15.8445
4660 4663 11.7153
4663 4660 11.7153
4663 81 16.5353
4694 4699 4.14
4694 6408 3.207
4699 6408 2.8206
4699 858 6.2001
4700 4701 4.1586
4700 4378 7.3665
4701 4694 1.5162
4733 4735 11.3064
4733 10476 5.487
4735 10082 5.5107
4735 10106 3.5952
4739 1835 9.06
4739 10238 10.5462
4741 2494 12.4213
4741 149 8.361
4759 2579 12.0411
4759 3516 21.1788
4759 144 15.0354
4791 3516 6.0399
4791 6004 16.4781
4791 5997 1.8486
4799 12061 15.3567
4799 11262 15.6987
4799 6004 43.2189
4813 3796 1.27845
4814 4824 7.245
4814 7719 1.944
4824 3790 0.9918
4825 1451 5.0868
4825 4837 20.457
4825 4443 20.2185
4837 3782 53.2872
4837 3073 7.1136
4837 1333 26.2368
4837 4825 20.457
4844 7759 19.0449
4854 1274 24.0372
4854 8060 6.73425
4862 1274 24.3081
4862 6281 12.1962
4863 601 54.369
4863 5113 5.6556
4863 6555 5.3946
4863 5951 8.4069
4873 2328 12.7572
4873 5425 38.514
4873 7830 35.652
4879 1470 11.0082
4879 5781 52.7112
4888 1684 11.0048
4892 4894 5.4423
4892 9576 3.4956
4894 4895 3.47535
4894 9583 2.8116
4895 1795 3.4299
4895 9515 7.2207
4914 1488 2.2182
4918 1839 8.2398
4918 2642 7.3194
4918 9463 16.7742
4926 4930 4.28085
4930 592 1.7334
4930 4888 3.0474
4930 1803 7.0488
4948 229 4.1928
4948 2475 2.3322
4956 4957 11.1492
4956 107 12.9159
4956 5810 8.2986
4957 4956 11.1492
4957 4959 16.0821
4957 7056 12.7548
4959 4957 16.0821
4959 11884 16.1991
4960 1736 10.2159
4960 5060 34.4511
4964 1580 4.0266
4964 1585 2.547
4988 4989 24.0534
4988 10453 3.9294
4989 70 14.4522
4989 2600 4.77
4991 77 1.3932
4994 4996 19.8801
4994 101 5.043
4994 56 5.9046
4996 4999 7.7985
4996 53 8.8155
4996 102 7.677
4999 2500 12.2616
4999 104 8.2089
5001 5024 101.754
5001 5028 38.0484
5001 3564 9.7992
5024 5001 101.754
5024 5025 6.1884
5024 5037 11.2653
5025 5024 6.1884
5025 5028 28.3302
5025 9074 7.0551
5028 5025 28.3302
5028 5001 38.0484
5028 5040 7.8849
5037 5038 2.169
5037 5024 11.2653
5037 5047 13.9545
5038 5037 2.169
5040 5028 7.8849
5047 5037 13.9545
5060 4960 34.4511
5064 5071 24.2352
5064 8051 0.83205
5071 5064 24.2352
5071 5104 8.8839
5072 5079 40.8726
5079 5072 40.8726
5079 7745 14.8914
5079 7742 6.7338
5082 5083 13.0095
5082 8642 5.25825
5083 5082 13.0095
5083 5084 13.5072
5083 492 31.9428
5083 5087 10.3167
5084 5083 13.5072
5084 5086 18.3321
5084 494 30.7773
5086 5084 18.3321
5086 1157 20.4876
5086 10442 7.6248
5087 5091 13.5801
5087 5083 10.3167
5087 11072 9.3276
5091 5087 13.5801
5091 5084 10.4058
5091 6594 4.1148
5094 503 22.6935
5094 3397 19.9458
5094 2557 2.8845
5101 5103 1.818
5101 5882 4.5684
5103 5859 10.647
5104 5105 3.2256
5104 4405 9.49725
5105 5104 3.2256
5105 5106 10.8855
5105 5945 31.7196
5106 5105 10.8855
5106 4405 13.626
5106 5112 6.8778
5106 8858 11.6919
5112 5106 6.8778
5112 8866 25.1883
5112 8860 12.3147
5113 4863 5.6601
5113 7776 36.1026
5113 8049 2.64915
5113 8866 16.9236
5115 5120 3.2535
5115 8001 0.85455
5120 2480 5.3433
5127 697 8.5482
5127 5152 3.5217
5131 692 8.4222
5131 457 9.2304
5147 7344 0.8586
5149 7949 5.42025
5149 39 6.2289
5152 698 8.8101
5152 5127 3.5217
5152 355 9.5085
5153 5154 5.5386
5153 8139 7.7886
5154 5155 4.5135
5154 350 24.4926
5155 450 1.8549
5166 5171 2.34585
5166 4405 3.62115
5171 7036 9.2925
5174 11342 40.2318
5174 5188 1.6146
5188 5193 1.8042
5188 5236 3.9834
5193 5199 2.0274
5193 2956 17.796
5199 5174 1.635
5199 5207 2.4588
5207 5211 13.9635
5207 5174 3.4506
5207 5199 2.4588
5211 5207 13.9635
5211 5237 1.3455
5212 5213 2.6676
5213 1079 4.03335
5216 5217 2.1177
5216 2968 2.7324
5217 5219 15.1596
5219 2978 3.0834
5219 3025 4.0707
5220 8674 14.7546
5220 8222 22.6638
5220 4329 8.6466
5229 1056 14.0098
5230 5211 2.619
5230 5238 1.6353
5236 3019 3.2298
5236 3023 16.6347
5237 5238 1.4022
5237 10760 44.0145
5238 5240 18.612
5240 5241 12.7026
5240 5989 1.3554
5240 6675 21.5694
5241 5243 8.8344
5241 5987 1.5678
5243 5246 1.0449
5243 11940 8.8767
5246 1432 2.4111
5246 5984 0.9801
5261 8674 13.995
5261 2952 21.9342
5261 10772 16.8534
5266 2952 6.4536
5266 5885 23.2914
5267 5269 11.3676
5267 6372 19.2402
5269 1809 4.3512
5269 10501 7.524
5281 6452 11.3085
5281 10972 4.4658
5290 2663 11.5699
5331 4401 4.44285
5333 4873 16.5792
5369 1056 40.3677
5369 5553 3.552
5370 6792 6.795
5370 2733 9.0837
5370 11067 12.9348
5370 2731 6.9228
5372 5375 7.623
5372 7221 21.8133
5372 1189 13.8933
5375 5372 7.623
5375 1194 9.8802
5375 1185 13.6161
5375 1501 21.1734
5384 1551 7.0866
5384 7221 4.6179
5385 1551 4.1796
5385 5386 12.1581
5385 7203 7.5195
5385 7213 7.2855
5386 5385 12.1581
5386 5391 27.2466
5386 672 13.0266
5391 5386 27.2466
5397 5402 22.0482
5397 3924 94.0077
5397 3919 16.9758
5397 8557 6.2361
5402 5405 14.4228
5405 7817 9.732
5405 7839 14.3652
5405 9983 8.9082
5406 4873 37.5582
5406 1263 48.2772
5406 5781 15.8355
5406 9067 2.7684
5425 5766 14.4738
5425 7814 40.1928
5425 5333 21.8994
5426 5431 1.5216
5426 1346 1.4571
5431 1344 1.4982
5448 3782 26.6422
5448 5457 0.92835
5448 7624 0.5544
5457 5448 0.92835
5457 1834 0.97065
5457 174 1.1052
5459 2955 1.6344
5459 10957 1.1205
5459 7614 32.7978
5463 2122 10.8153
5464 5468 17.6895
5464 2955 4.8645
5464 2104 5.0283
5468 1161 24.7563
5468 2548 0.8865
5470 2079 18.3258
5470 2095 8.0202
5471 5483 33.9084
5471 10160 9.0414
5471 10161 12.3975
5483 5471 33.9084
5483 5488 12.7296
5483 5533 11.9835
5488 5483 12.7296
5488 8210 21.2013
5488 5531 8.9082
5497 5529 54.4401
5497 6255 1.224
5497 6253 16.2576
5529 5497 54.4401
5529 26 10.4616
5529 715 9.5076
5531 5488 8.9082
5531 5533 4.90365
5533 2803 14.6839
5533 5483 11.9835
5534 5547 55.1007
5534 8932 5.7141
5547 5534 55.1007
5547 10476 8.4324
5547 5593 3.555
5553 5560 7.4772
5553 5369 9.429
5553 6044 11.1096
5560 5563 10.8408
5563 1056 17.8596
5563 2673 7.341
5563 1129 12.7236
5563 6047 6.6645
5583 5585 15.696
5583 1277 16.0641
5583 10743 8.4186
5585 5583 15.696
5585 8858 4.1967
5592 6530 4.4163
5593 5608 32.4198
5593 5614 19.4382
5593 5547 3.555
5608 5593 32.4198
5614 5593 19.4382
5615 1198 23.5719
5615 2508 6.0276
5625 5630 11.7513
5625 5679 1.5498
5625 5650 15.3702
5630 5625 11.7513
5630 5634 15.1065
5630 5678 35.6157
5634 5630 15.1065
5650 4418 43.2981
5650 5625 15.3702
5650 5678 19.5129
5678 5630 35.6157
5678 5650 19.5129
5678 4416 18.3996
5679 5625 1.5498
5732 1521 52.6734
5760 1383 49.7745
5761 2328 2.0886
5761 4879 1.9932
5761 5766 55.1592
5766 5761 56.2455
5766 7806 3.4338
5781 5801 24.2559
5781 4879 52.7112
5781 5406 15.8355
5801 5781 24.2559
5801 2295 16.6608
5810 7055 6.5502
5810 4956 8.2986
5811 1695 3.9558
5811 1096 11.8566
5823 683 11.9705
5824 5120 4.09905
5824 8001 3.2004
5830 1113 13.0738
5832 5833 9.0414
5832 8223 3.3162
5833 5832 9.0414
5833 5834 17.4231
5833 2279 12.3516
5834 2278 10.0152
5834 2251 8.991
5834 5836 20.7009
5834 5833 17.4231
5836 5834 20.7009
5836 8367 8.7174
5836 2276 10.1781
5839 5841 4.0023
5839 5882 1.6452
5839 5883 2.2545
5841 5839 4.0023
5841 5854 12.9105
5841 5845 4.5855
5845 5846 2.2221
5845 5841 4.5855
5845 5873 5.6259
5846 5845 2.2221
5849 5884 18.5409
5849 5851 13.8285
5849 5857 11.0988
5850 5851 7.1937
5850 5866 9.0423
5850 5880 8.1999
5851 5850 7.1937
5851 5854 5.9355
5851 5860 8.9928
5851 5849 13.8285
5854 5851 5.9355
5854 5841 12.9105
5854 11931 4.7889
5857 5849 11.0988
5857 5884 8.0541
5857 545 14.2443
5859 5860 4.4784
5859 1854 10.6644
5860 5859 4.4784
5860 5851 8.9928
5860 5862 6.5592
5860 5866 6.8391
5862 5860 6.5592
5866 5860 6.8391
5866 1861 11.9043
5866 5850 9.0423
5873 5845 5.6259
5880 5850 8.1999
5882 5101 4.5684
5882 5839 1.6452
5882 6705 4.6746
5883 5839 2.2545
5883 5884 12.3444
5883 6688 5.9697
5884 5883 12.3444
5884 5857 8.0541
5884 5849 18.5409
5885 507 3.6696
5885 6679 3.8835
5885 5101 13.1058
5891 677 5.61645
5891 706 6.2235
5893 341 1.737
5906 11398 23.4176
5923 1572 6.4845
5923 1567 7.1127
5923 5936 6.1344
5936 5923 6.1344
5937 1566 6.966
5937 388 6.1551
5945 5105 31.7196
5945 5948 13.3389
5945 8866 9.6264
5948 5945 13.3389
5948 5064 5.6781
5949 5951 15.7617
5949 8060 16.9425
5949 1277 6.9912
5951 5949 15.7617
5951 1281 3.429
5959 2038 15.8052
5969 9357 13.0908
5982 3864 36.333
5982 9253 10.251
5982 858 43.206
5982 9247 13.1967
5984 5985 0.6093
5985 5987 8.7237
5985 5243 1.8117
5987 5989 12.4992
5989 5230 18.963
5989 5240 1.3554
5997 4791 1.8486
5997 6001 6.2397
5997 6004 14.364
6001 5997 6.2397
6001 5824 5.9454
6004 4791 16.4781
6004 4799 43.2189
6004 5997 14.364
6024 4603 10.575
6024 2359 9.3123
6024 11019 16.7184
6025 2383 8.6148
6044 2669 19.656
6044 4453 43.8849
6044 1170 19.725
6044 5553 11.1096
6047 2669 10.0584
6047 5563 6.63975
6047 1127 19.5336
6047 11063 8.65845
6048 345 4.8375
6048 9097 4.5882
6052 2841 9.5913
6052 6055 14.112
6052 2862 5.1327
6055 6052 14.112
6055 6057 13.7052
6055 6562 7.9569
6057 6055 13.7052
6057 10401 7.9335
6058 1695 14.4022
6058 1363 10.2915
6058 4224 6.28245
6067 5553 8.364
6067 5560 1.3734
6084 1970 20.8206
6084 6088 23.553
6084 6089 10.224
6084 6091 9.4032
6088 6084 23.553
6088 6793 2.4954
6089 2861 7.7283
6089 6084 10.224
6089 2853 9.3792
6089 6120 13.9638
6091 6084 9.4032
6091 1966 10.35
6091 1400 9.4599
6091 1714 11.7059
6098 1169 29.6514
6101 2869 8.1243
6101 6110 10.0233
6101 2735 15.795
6101 2835 11.6334
6103 6104 1.0647
6103 2858 14.3289
6104 6107 9.7038
6104 6111 1.0782
6107 6101 10.0305
6107 2733 14.8761
6107 6110 1.0809
6110 6111 9.6813
6110 2836 11.0007
6110 6107 1.0809
6111 6112 1.0917
6111 2837 10.8072
6112 2861 9.3888
6112 6103 1.0773
6120 6089 13.9638
6120 6052 3.81645
6120 6562 9.3876
6121 6122 4.941
6121 6132 14.1561
6121 2836 9.2655
6122 2873 4.18275
6122 2835 9.261
6126 2722 8.5707
6126 6136 9.897
6130 6132 9.9855
6130 10400 13.7016
6132 1171 13.7367
6132 6121 14.1561
6132 2864 9.4041
6134 6126 9.9171
6134 2783 7.57575
6136 525 1.9368
6138 6126 9.0402
6138 6607 4.90365
6141 1230 8.5374
6141 2740 10.9506
6143 6144 2.40525
6143 8954 10.8333
6144 429 4.69755
6146 96 6.38685
6146 1207 9.5124
6152 67 17.0636
6159 80 10.5012
6159 101 8.6532
6159 8199 11.2266
6163 440 7.083
6163 10457 2.511
6164 1048 19.6884
6164 6989 72.0333
6189 3452 12.3993
6189 921 12.2751
6189 8295 51.5358
6227 7340 13.1949
6227 5830 1.44405
6241 6242 5.3631
6241 6248 2.277
6241 6246 2.9484
6242 6241 5.3631
6244 6249 7.4466
6244 6250 1.6695
6244 6245 4.1211
6245 6246 5.103
6245 6244 4.1211
6245 6248 10.4634
6246 6245 5.103
6246 6241 2.9484
6246 6250 14.6916
6248 6245 10.4634
6248 3318 16.7283
6248 6241 2.277
6249 6244 7.4466
6250 6244 1.6695
6250 6246 14.6916
6250 11740 6.993
6253 6254 1.2429
6253 10160 5.7132
6254 6255 16.2102
6255 7220 4.0236
6256 6257 1.5957
6256 715 15.648
6257 5497 12.3498
6260 1679 7.326
6260 6609 10.1601
6281 1270 12.1792
6281 5801 4.59945
6303 729 5.67135
6303 9290 2.43945
6303 734 4.7904
6305 2695 5.2206
6327 6227 7.06635
6343 10724 10.3968
6343 3184 6.20145
6349 611 15.138
6349 6365 4.3857
6349 10529 5.0922
6351 628 12.537
6351 6358 25.3152
6351 623 11.6064
6358 6351 25.3152
6364 10573 20.0925
6364 6365 6.2424
6364 10561 12.0168
6365 6364 6.2424
6365 6349 4.3857
6365 612 16.371
6366 6368 21.4641
6366 10918 15.0084
6366 7295 53.5608
6368 6366 21.4641
6368 6470 17.3376
6368 6471 30.1707
6368 4291 18.873
6372 6377 10.6398
6377 2945 5.9472
6377 2270 13.5639
6377 8222 8.3493
6407 3946 7.185
6408 1661 4.7262
6412 433 6.9984
6412 331 4.3191
6413 6414 5.6304
6413 8689 11.6163
6414 6415 5.2083
6414 334 9.5562
6415 397 4.3587
6415 8693 11.4597
6416 390 5.5503
6416 8701 11.2545
6448 6449 4.3722
6448 1639 4.5624
6449 5426 1.2234
6449 5431 3.1203
6452 6456 4.1412
6452 7692 14.4468
6456 6461 10.8732
6456 10972 27.6525
6461 7574 3.9066
6461 7578 2.2416
6463 476 10.833
6463 510 6.3768
6463 6985 20.0088
6463 10144 43.3476
6469 510 17.3142
6469 3447 2.3337
6469 10529 16.2675
6470 6368 17.3376
6470 1216 17.9136
6470 10918 20.3445
6471 6368 30.1707
6471 4363 0.4599
6471 9648 21.9834
6475 2688 21.1113
6475 4601 11.1942
6475 6505 18.4293
6475 2571 9.9243
6500 3267 26.7894
6500 1341 18.927
6500 6524 43.1178
6502 2730 15.5835
6502 2697 12.2319
6502 2727 20.0907
6502 4598 21.7908
6505 2697 1.4355
6505 2695 17.2161
6505 6475 18.4293
6524 6500 43.1178
6524 1124 10.7322
6524 7706 34.3368
6530 6533 2.88675
6530 8620 13.8699
6533 2322 1.494
6533 1552 1.485
6545 4239 3.7758
6545 1088 5.8926
6546 2694 21.5631
6555 1295 2.4597
6557 6558 5.4045
6557 6987 16.0371
6558 1790 3.87405
6558 8059 0.58815
6562 2851 10.0107
6562 6578 9.0048
6562 6120 9.3876
6563 6564 5.5647
6563 11072 6.6996
6563 1157 8.43795
6563 11085 5.9616
6564 5091 4.1148
6564 6594 1.7793
6573 6578 15.6276
6573 10401 1.1061
6578 7645 18.429
6578 9458 3.6072
6578 6562 9.0048
6578 6057 7.6905
6590 5448 1.0377
6590 7624 0.91125
6594 6563 5.4405
6607 2804 4.833
6607 6134 6.6285
6609 2616 3.7404
6609 6260 10.1601
6609 8800 12.8691
6610 703 4.023
6610 1683 10.6695
6610 8798 12.8664
6613 1157 9.72315
6649 6655 24.2568
6655 6649 24.2568
6655 6837 42.759
6655 6663 6.0903
6657 4016 13.2255
6657 6663 20.2023
6657 6805 2.5902
6663 6657 20.2023
6663 6655 6.0903
6668 6669 3.0591
6668 6682 6.4116
6668 6705 5.913
6669 6668 3.0591
6669 6705 8.4411
6669 6702 1.2897
6670 6671 12.1329
6670 8702 15.7095
6670 6693 4.5504
6671 6670 12.1329
6671 6696 2.979
6671 6699 6.9912
6675 6677 21.7836
6675 5240 21.5694
6675 4363 23.1345
6677 6675 21.7836
6677 10989 18.8091
6677 7282 3.9366
6678 6679 18.6534
6679 6678 18.6534
6679 5885 3.8835
6679 6682 2.6388
6679 6691 8.1558
6682 6683 8.2989
6682 6679 2.6388
6682 6668 6.4116
6683 6682 8.2989
6683 6684 8.0856
6683 6688 14.6142
6683 6691 2.7711
6684 6683 8.0856
6684 6693 2.8827
6684 6695 4.2939
6685 3390 4.9761
6685 6686 4.5549
6685 6750 10.3626
6686 6685 4.5549
6686 3405 4.2012
6686 3411 21.4776
6688 6683 14.6142
6688 6689 0.9054
6688 5883 5.9697
6689 6688 0.9054
6691 6683 2.7711
6691 6693 8.1036
6691 6679 8.1558
6693 6684 2.8827
6693 6670 4.5504
6693 6691 8.1036
6695 6684 4.2939
6696 6671 2.979
6699 6671 6.9912
6702 6669 1.2897
6705 6668 5.913
6705 5882 4.6746
6705 6669 8.4411
6714 1438 19.6227
6714 6720 16.1649
6714 6729 33.6762
6720 6714 16.1649
6729 6714 33.6762
6729 8441 5.2698
6732 625 9.5211
6748 6613 18.626
6750 6685 10.3626
6751 1284 5.877
6752 1285 5.8653
6753 6754 9.3222
6753 8199 21.5667
6753 7056 10.8117
6754 6753 9.3222
6754 10165 2.7279
6754 7055 2.4912
6765 812 1.863
6765 3867 2.4186
6765 1297 3.8925
6790 9130 12.9726
6792 2940 11.4852
6792 2858 9.1917
6793 1714 4.1418
6805 6657 2.5902
6837 6655 42.759
6856 6859 9.6246
6856 6861 12.9249
6859 6856 9.6246
6859 4031 2.5947
6859 4028 3.6477
6861 6856 12.9249
6861 6862 0.7713
6862 6861 0.7713
6862 6892 4.8384
6892 6862 4.8384
6892 4025 8.2827
6892 6895 5.3307
6895 4023 12.2589
6895 6892 5.3307
6937 6949 71.982
6937 3242 31.1952
6949 6937 71.982
6957 935 9.4743
6957 936 11.2554
6963 1047 1.8333
6972 869 13.8087
6972 1018 33.7518
6972 8643 11.6334
6985 6463 20.0088
6985 3486 7.0884
6985 3493 17.8056
6987 1291 13.4946
6987 598 22.4712
6987 6557 16.0371
6989 6164 72.0333
7000 290 11.5821
7000 289 1.7559
7017 4591 9.936
7036 7037 2.3634
7036 7093 3.5892
7037 7103 7.29855
7039 3266 1.9008
7039 8254 11.5656
7040 7049 16.4997
7040 6327 25.2837
7049 7040 16.4997
7049 1113 15.8877
7055 102 12.6855
7055 10165 2.1216
7055 6754 2.4912
7056 5810 11.4237
7056 6753 10.8117
7056 4957 12.7548
7063 139 3.5838
7063 4741 0.6786
7077 7081 14.9022
7077 1364 7.6536
7077 7094 1.098
7081 7077 14.9022
7081 7101 1.1466
7081 1368 5.9058
7082 7085 8.3439
7082 7095 10.8819
7082 7101 4.5342
7082 9521 29.781
7085 7082 8.3439
7085 7089 7.5933
7085 9521 17.2602
7089 7085 7.5933
7089 1387 3.9573
7089 9487 11.0313
7093 7037 4.2597
7093 1389 21.1779
7094 7095 7.3404
7094 7077 1.098
7094 11895 1.6479
7095 7094 7.3404
7095 7082 10.8819
7095 9493 9.3141
7101 7082 4.5342
7101 7081 1.1466
7101 9487 8.3025
7102 7103 5.4333
7102 1369 12.3975
7103 7743 5.3496
7127 7147 2.1753
7127 7138 3.1554
7138 7147 5.1438
7138 7776 54.108
7147 1065 4.78215
7158 1616 8.02125
7166 7158 3.042
7166 7127 1.9917
7178 2493 3.3012
7183 3064 8.9226
7184 2475 11.6451
7184 300 5.8224
7188 11328 4.203
7196 3501 12.123
7201 286 5.5377
7202 1524 3.4965
7202 5384 7.7778
7203 7209 19.431
7203 5385 7.5195
7209 654 1.68255
7209 1357 6.0948
7213 5385 7.2855
7220 1191 10.2861
7220 6256 8.3292
7221 5372 21.8133
7227 7500 7.2639
7227 7645 18.3714
7228 1523 5.41215
7228 274 11.4363
7228 677 6.2712
7231 605 3.96
7231 610 4.7562
7236 7237 5.2632
7236 7260 0.5202
7236 12212 19.6119
7237 7236 5.2632
7237 7238 2.5533
7237 12342 12.6072
7238 7237 2.5533
7238 8342 12.657
7239 7242 12.6774
7239 3952 12.3039
7239 11853 6.1713
7242 7239 12.6774
7249 12328 25.1226
7249 7253 4.1931
7249 12350 4.1139
7250 7253 2.6757
7250 12350 1.5228
7250 11193 1.8846
7253 7250 2.6757
7253 7254 0.6309
7253 7249 4.1931
7254 7253 0.6309
7254 7258 11.4723
7254 12182 6.1182
7258 7254 11.4723
7258 7260 7.0506
7258 12177 13.0077
7260 7258 7.0506
7260 7236 0.5202
7260 12341 6.3459
7262 2456 101.667
7272 7282 27.4419
7282 7272 27.4419
7282 6677 3.9366
7282 11941 5.2029
7283 7295 16.5276
7295 7283 16.5276
7295 6366 53.5608
7295 9648 5.7942
7296 3252 2.4696
7296 7302 2.658
7302 3249 2.0514
7302 3246 40.3062
7337 2313 3.6666
7337 5830 3.753
7340 7049 4.5117
7340 7337 14.7096
7344 7353 6.10425
7344 5115 1.20015
7353 7978 19.8329
7451 2533 11.8494
7451 46 16.6662
7487 7491 14.4387
7491 1822 17.6949
7491 3140 5.1228
7500 7509 16.5834
7509 7487 16.1865
7522 1217 9.8073
7555 7558 16.575
7555 11040 18.6332
7558 7562 2.07
7558 7588 2.1876
7562 7665 4.8588
7570 2953 7.0062
7570 6748 9.3645
7574 5266 9.9924
7574 7578 2.64
7578 7583 12.5538
7583 7596 10.7289
7584 7588 2.0022
7584 7562 4.3176
7588 6613 16.7694
7595 7596 18.8811
7595 10501 2.2194
7595 1832 5.6142
7595 10972 13.3533
7596 7595 18.8811
7596 8674 2.82285
7614 10786 1.4625
7624 5448 0.5544
7624 1834 1.21275
7636 7641 3.117
7636 7645 10.4802
7641 7522 18.4644
7645 7636 10.4802
7645 6578 18.429
7665 7522 40.5774
7665 7227 8.739
7677 7678 2.3355
7677 435 5.4711
7678 7680 3.10545
7678 436 11.0862
7680 414 2.15775
7680 438 11.187
7684 2817 0.5472
7684 7188 2.9943
7692 7641 2.65995
7692 7636 4.32
7706 1834 34.5492
7706 6524 34.3368
7719 4824 4.2111
7719 4813 0.85635
7721 794 1.881
7721 7722 7.2828
7721 7739 3.3975
7722 7721 7.2828
7722 9671 12.8952
7722 9669 2.8926
7739 7721 3.3975
7742 7743 5.98545
7742 5079 6.7338
7743 1744 18.7015
7743 7744 4.6134
7743 5071 10.6317
7743 9502 2.0529
7744 7745 1.6668
7745 7747 8.00775
7745 5079 14.8914
7747 5113 3.5631
7747 8049 1.0197
7754 5425 10.5486
7759 1264 12.2196
7759 7762 4.6686
7759 1790 26.3903
7759 4181 22.1535
7762 7765 3.7524
7762 7806 1.341
7765 7754 3.6048
7776 7878 13.0146
7776 7138 54.108
7776 5113 36.1026
7806 7759 4.6506
7814 10031 4.3839
7814 7838 11.8098
7817 5425 51.9684
7817 7838 0.9564
7830 5406 2.2374
7830 9067 2.3976
7838 5405 9.7674
7839 5402 0.9312
7839 5397 19.9164
7839 9728 2.8179
7846 781 3.02445
7846 790 1.9413
7846 9668 2.4984
7850 7851 3.29265
7850 802 1.1214
7851 7852 1.9089
7851 9761 4.9077
7852 7854 8.4429
7852 9743 1.9332
7854 7856 2.4723
7854 9733 11.0421
7856 7857 2.1735
7856 9762 1.8396
7857 7859 5.2317
7857 9762 5.4981
7859 7861 2.6415
7859 9718 9.2916
7861 7846 5.48325
7866 7867 5.9877
7866 9978 3.2535
7867 780 6.5232
7867 9979 12.8025
7878 7776 13.0104
7878 1264 14.2476
7949 2498 8.8254
7949 134 6.2235
7978 2297 13.9577
7988 2594 2.30355
8001 16 0.73755
8001 8947 1.54215
8033 1166 6.3009
8044 579 4.2414
8047 575 11.5368
8047 467 5.8038
8049 5948 3.0789
8051 7743 4.6152
8051 7744 1.1241
8059 4854 5.36085
8060 8061 2.4921
8060 5949 16.9425
8061 4863 5.3631
8061 6555 0.60885
8124 2421 6.1098
8135 449 18.0405
8135 10155 22.6543
8139 349 16.8615
8139 10155 7.947
8140 8142 12.0546
8140 8147 3.3888
8142 8140 12.0546
8142 8157 1.674
8142 8158 3.7341
8144 8146 12.2718
8144 8153 7.4547
8146 8140 6.0234
8146 8160 3.9303
8147 906 3.0717
8147 907 2.7171
8147 10510 8.7588
8147 8148 3.1098
8148 8149 5.6508
8148 8157 4.1355
8149 8156 12.2337
8153 8154 12.978
8153 8144 7.4547
8153 8162 14.4711
8154 8153 12.978
8156 8149 12.2337
8157 8148 4.1355
8157 8142 1.674
8157 10582 2.9313
8158 8142 3.7341
8158 639 6.1047
8158 10564 0.5526
8160 8146 3.9303
8160 8162 5.6646
8160 10563 3.7422
8162 8160 5.6646
8162 8164 5.8905
8162 8153 14.4711
8164 8162 5.8905
8165 8166 12.0123
8166 8165 12.0123
8166 8167 9.8613
8166 2664 10.143
8166 8782 9.7452
8167 8166 9.8613
8167 2654 9.4914
8167 8170 9.7299
8167 8172 10.1601
8170 8167 9.7299
8170 8782 9.8163
8170 2653 9.6714
8172 8167 10.1601
8172 2664 5.0796
8174 9163 73.2735
8174 8351 1.3788
8183 4268 7.533
8189 5267 10.4621
8199 6159 11.2266
8199 6753 21.5667
8199 8954 26.0379
8199 78 16.5465
8205 719 4.78755
8205 10643 7.7778
8207 8208 3.50685
8207 5529 10.9452
8208 8210 2.66985
8208 11234 10.8891
8210 1683 10.7217
8210 5488 21.2013
8210 1676 3.97035
8222 1823 2.304
8222 5220 22.6638
8223 12169 18.117
8223 2253 20.5266
8240 8241 8.691
8240 357 4.3758
8241 2094 23.7294
8241 723 8.9703
8252 3260 2.1249
8252 8253 8.2224
8253 3258 1.9782
8253 7296 29.427
8254 3263 2.0916
8254 8252 22.2804
8255 8207 7.3242
8255 720 9.2295
8258 2691 5.5206
8258 2935 12.6135
8260 8261 1.8486
8260 8304 3.4272
8261 8262 3.6747
8261 8287 2.7126
8262 8287 2.8899
8262 1019 40.1652
8263 857 2.988
8263 9268 51.7104
8269 8261 3.4263
8269 8295 3.4389
8269 8260 2.3013
8276 873 3.4776
8276 8263 2.5272
8287 8276 3.2778
8295 8304 5.1948
8295 6189 51.5358
8295 8260 2.5245
8304 8261 3.7629
8329 8334 2.6358
8329 9210 3.3516
8334 8337 11.0538
8337 8338 0.7122
8337 2058 4.3038
8338 8340 3.192
8338 12193 8.2404
8340 7238 9.192
8342 8343 3.8742
8342 12212 3.5784
8343 1971 5.8626
8343 12208 6.219
8345 6765 3.3594
8345 12216 2.556
8351 8174 1.3788
8351 9201 6.4377
8351 3452 7.5789
8366 838 2.0475
8367 2251 13.4376
8367 5836 8.7174
8367 11098 17.856
8367 5615 12.048
8384 4325 1.9233
8384 9101 2.1984
8402 7039 15.1752
8424 8124 1.7808
8424 3245 1.779
8428 8429 4.80105
8428 10434 4.7799
8429 1869 83.9515
8430 8431 4.8375
8430 10435 5.1003
8431 8433 37.8734
8433 8434 4.90635
8434 2510 33.597
8434 8441 8.0496
8441 8442 5.0562
8442 8444 3.699
8442 1445 5.1471
8444 8480 12.3078
8449 605 52.4682
8449 4262 1.98
8453 8457 1.8666
8457 8464 0.5355
8460 8461 0.5355
8461 8457 1.6074
8461 8453 2.3913
8464 8466 1.071
8464 8470 1.5714
8466 8467 0.5364
8467 8460 1.6065
8467 3026 2.187
8468 8470 5.1795
8468 5188 37.3278
8470 8468 5.1795
8470 8466 1.8918
8480 2530 6.2325
8480 10282 18.0858
8516 8517 6.4374
8517 8402 19.5186
8521 3922 39.7584
8555 8556 10.9125
8556 8555 10.9125
8556 8557 2.0376
8556 9876 5.7591
8557 8556 2.0376
8557 5397 6.2361
8557 9890 6.7059
8562 4287 2.3481
8562 8581 4.419
8565 4265 2.889
8565 8581 2.5848
8581 4276 11.9394
8591 4453 9.909
8620 1338 22.1796
8620 6530 13.8699
8620 2317 12.4821
8620 9801 10.827
8622 871 24.0471
8642 10893 5.95755
8643 6972 11.6334
8644 865 11.0826
8647 866 9.0072
8648 864 3.6288
8648 862 6.7977
8648 8650 2.4516
8650 8648 2.4516
8664 931 14.1984
8664 12239 32.5107
8674 1832 9.0954
8674 5220 14.7492
8674 10772 2.39985
8674 5261 13.995
8677 1402 1.9368
8677 1422 2.8764
8683 374 3.6936
8683 8135 5.7231
8689 11408 6.2541
8693 8701 5.1732
8701 5937 1.0584
8702 6670 15.7095
8766 3318 16.1163
8768 3345 12.6351
8768 9633 12.0627
8768 9634 10.6164
8782 2167 23.5728
8782 8170 9.8163
8782 8166 9.7452
8782 2529 9.7902
8798 2617 7.8876
8798 6610 12.8664
8798 2748 14.9382
8800 2605 7.1793
8800 6609 12.8691
8800 10228 15.0471
8802 348 4.9581
8802 368 4.4199
8802 383 4.212
8806 346 4.8483
8806 6048 4.3812
8834 6303 2.1123
8834 9290 1.7316
8858 8860 4.18635
8858 5331 6.8517
8858 10743 10.4418
8860 8863 11.6055
8860 5112 12.3147
8863 8866 13.3398
8863 4863 8.4276
8866 8863 13.3398
8866 5945 9.6264
8866 5112 25.1883
8866 5113 16.9236
8878 197 1.9215
8914 4733 14.4402
8914 10103 1.4472
8915 8914 2.8944
8932 5534 5.7141
8932 10086 2.6379
8947 7178 10.7307
8948 134 8.8776
8954 8199 26.0379
8961 467 36.9558
8966 8967 25.7904
8967 8966 25.7904
8967 9072 23.067
8975 8995 2.8134
8976 5290 10.263
8976 8975 2.919
8995 8976 2.9892
8995 9008 81.444
9008 9034 4.0032
9009 8976 81.2322
9009 9008 2.6364
9034 9009 1.3668
9034 3811 17.1078
9045 9009 13.5918
9067 5406 2.7684
9067 3043 9.3933
9071 3338 28.0746
9072 9073 9.2286
9072 11429 13.7097
9073 9072 9.2286
9074 5025 7.0551
9097 9098 4.7169
9097 372 3.8484
9098 8683 5.0994
9098 343 4.8204
9101 9114 8.9628
9114 8516 6.516
9114 8384 13.4343
9130 8329 36.093
9130 9179 6.3708
9137 8430 84.0753
9137 10674 8.3367
9163 1997 1.64295
9163 787 21.3332
9179 9185 14.0778
9185 9163 35.3047
9201 9204 11.5488
9201 11199 6.3774
9204 9206 6.3441
9204 12317 2.2068
9206 9207 2.9925
9206 9221 3.0753
9207 9209 3.9294
9207 12315 2.6793
9209 8334 0.4536
9209 12318 13.7934
9210 9207 2.3184
9210 9221 3.4227
9221 8351 23.9688
9247 5982 13.1967
9247 807 10.3581
9247 12087 13.4802
9247 12094 2.808
9253 3867 2.3952
9253 3870 3.1542
9253 812 1.2744
9268 9269 2.9988
9268 11851 6.3009
9269 9544 1.3428
9290 9302 1.03815
9302 4427 1.73295
9302 1124 33.9435
9357 9359 2.7852
9359 1619 23.634
9359 788 1.7919
9437 2047 3.3978
9437 5959 1.8726
9458 9459 2.1546
9458 10411 2.2068
9459 9461 7.668
9461 6563 5.9598
9461 11085 1.2627
9463 4918 16.7742
9480 9481 2.7495
9481 9480 2.7495
9481 1382 11.817
9486 304 12.7125
9486 1508 11.4426
9487 7101 8.3025
9487 7089 11.0313
9487 9511 3.3111
9493 7095 9.3141
9493 9481 3.6288
9500 11895 17.4978
9500 9502 1.5894
9500 9585 10.5813
9500 9597 4.6233
9502 9500 1.5894
9502 9603 1.7163
9502 7743 2.0529
9511 9487 3.3111
9515 4895 7.2207
9515 9576 39.6747
9515 9583 6.9327
9521 9527 32.1318
9521 7085 17.2602
9521 7082 29.781
9527 9521 32.1318
9534 849 2.8863
9534 9269 1.1691
9544 3951 0.5922
9544 11851 3.3615
9576 9515 39.6747
9576 9583 12.6162
9576 4892 3.4956
9583 9576 12.6162
9583 4894 2.8116
9583 9515 6.9327
9585 9500 10.5813
9597 9500 4.6233
9603 1364 5.265
9603 9502 1.7163
9603 1369 23.0508
9613 9632 72.4464
9632 4959 10.7343
9633 8768 12.0627
9633 3185 8.02305
9634 8768 10.6164
9634 2223 2.3256
9648 7295 5.7942
9648 4357 2.6523
9657 637 9.6174
9657 9658 4.7907
9657 10521 11.6685
9658 636 9.5508
9658 10650 17.9946
9658 9657 4.7907
9659 1767 5.4081
9659 9661 2.7396
9659 10121 13.4622
9661 9659 2.7396
9661 9668 14.499
9661 9781 7.4232
9668 9661 14.499
9668 7846 2.4984
9668 9670 7.0983
9669 7722 2.8926
9670 9668 7.0983
9671 7722 12.8952
9672 1772 3.4542
9672 9680 9.3951
9672 9685 2.2725
9673 9674 4.518
9673 9701 3.0213
9673 9703 4.6746
9674 9673 4.518
9675 9676 1.908
9676 9675 1.908
9676 9680 1.2231
9676 9696 8.91
9680 9676 1.2231
9680 9672 9.3951
9680 9696 2.6028
9685 9672 2.2725
9695 9696 2.9115
9696 9695 2.9115
9696 9680 2.6028
9696 9676 8.91
9698 3918 1.7514
9698 9699 3.8691
9698 9782 3.0393
9698 9783 7.677
9699 9698 3.8691
9699 9700 10.8261
9699 9784 3.5802
9700 9699 10.8261
9701 9673 3.0213
9701 9882 1.629
9701 797 12.96
9703 9673 4.6746
9714 3917 7.5861
9718 7859 9.2916
9718 9721 9.5049
9718 9766 6.7077
9721 9718 9.5049
9728 7839 2.8179
9728 9729 5.8842
9728 9827 20.8134
9729 9728 5.8842
9729 9730 5.4576
9729 9819 3.8682
9730 9729 5.4576
9730 9731 3.3786
9730 9909 7.2891
9731 9730 3.3786
9731 3310 2.7918
9731 9856 4.4433
9732 3310 8.7714
9732 801 2.8413
9732 9871 8.5005
9733 9742 24.5853
9733 7854 11.0421
9733 9769 10.1133
9742 9733 24.5853
9743 9753 17.6121
9743 7852 1.9332
9743 9775 5.6367
9753 9743 17.6121
9761 7851 4.9077
9762 7856 1.8396
9762 9763 6.903
9762 7857 5.4981
9763 9762 6.903
9766 9718 6.7077
9769 9733 10.1133
9775 9743 5.6367
9781 9661 7.4232
9782 9698 3.0393
9783 9698 7.677
9784 9788 13.6701
9784 9699 3.5802
9784 9793 6.5403
9788 9784 13.6701
9793 9784 6.5403
9796 1333 14.9094
9796 9817 2.0169
9801 8620 10.827
9801 5592 7.6104
9817 2314 7.2714
9817 1580 17.4018
9817 9796 2.0169
9817 404 2.4111
9819 9729 3.8682
9827 9728 20.8134
9828 3313 2.1366
9837 3311 1.2753
9837 9838 3.4011
9837 9842 8.5257
9838 9837 3.4011
9838 9842 5.9373
9838 9848 2.7441
9842 9838 5.9373
9842 9847 10.395
9842 9837 8.5257
9847 9842 10.395
9848 9838 2.7441
9849 3314 7.956
9850 9851 2.1789
9850 9856 6.9102
9850 9870 1.521
9851 9850 2.1789
9851 9880 6.2199
9851 9881 9.9243
9856 9731 4.4433
9856 9870 15.435
9856 9850 6.9102
9870 9856 15.435
9870 9850 1.521
9870 9889 6.4764
9871 803 2.9628
9871 9872 2.5011
9871 9732 8.5005
9872 9871 2.5011
9872 9935 8.9775
9872 9906 6.381
9876 8556 5.7591
9879 9880 1.2132
9880 9879 1.2132
9880 9851 6.2199
9880 9889 6.9255
9881 9851 9.9243
9882 9886 6.5043
9882 9890 2.2689
9882 9701 1.629
9886 9882 6.5043
9889 9870 6.4764
9889 9880 6.9255
9889 799 13.3857
9890 9895 13.041
9890 8557 6.7059
9890 9882 2.2689
9895 9890 13.041
9906 9872 6.381
9909 9730 7.2891
9935 9872 8.9775
9955 9986 19.0251
9955 9957 2.0025
9955 10019 4.1652
9957 9955 2.0025
9957 9958 3.0483
9957 9966 6.2856
9958 9957 3.0483
9958 9959 0.7641
9958 10017 4.599
9959 9958 0.7641
9959 9960 3.735
9959 9967 6.2991
9960 9959 3.735
9960 9961 3.7449
9960 9968 6.3243
9961 9960 3.7449
9961 9962 4.302
9961 9970 6.3432
9962 9961 4.302
9962 9965 3.5667
9962 9978 35.2575
9965 9962 3.5667
9966 9967 3.7215
9966 9985 4.5504
9966 9957 6.2856
9967 9966 3.7215
9967 9968 3.6702
9967 9959 6.2991
9968 9967 3.6702
9968 9969 2.2644
9968 9960 6.3243
9969 9968 2.2644
9969 9970 1.5255
9969 10009 4.527
9970 9969 1.5255
9970 9971 2.1159
9970 9961 6.3432
9971 9970 2.1159
9978 9962 35.2575
9978 9979 2.2419
9978 7866 3.2535
9979 9978 2.2419
9979 7867 12.8025
9979 10063 5.3082
9983 9984 1.9701
9983 5405 8.9082
9983 10037 9.0135
9984 9983 1.9701
9984 9985 1.6488
9984 9986 3.1293
9985 9984 1.6488
9985 9966 4.5504
9985 10009 8.7885
9986 9955 19.0251
9986 9984 3.1293
9986 9993 5.4648
9993 9986 5.4648
9994 9995 4.3056
9995 9994 4.3056
9995 9998 11.5461
9995 10010 7.7913
9995 10015 10.7595
9998 9995 11.5461
9998 9999 7.9461
9998 10063 6.3486
9999 9998 7.9461
9999 10000 2.4426
9999 10062 2.1393
10000 9999 2.4426
10000 10005 6.1029
10000 10008 5.0643
10000 10015 9.7866
10005 10000 6.1029
10005 10008 4.5648
10005 10027 5.2794
10008 10005 4.5648
10008 10017 6.3252
10008 10000 5.0643
10009 9985 8.7885
10009 10037 3.8331
10009 9969 4.527
10010 9995 7.7913
10015 9995 10.7595
10015 10000 9.7866
10015 4176 13.842
10017 10019 3.978
10017 9958 4.599
10017 10008 6.3252
10019 10017 3.978
10019 10021 4.7862
10019 9955 4.1652
10021 10019 4.7862
10022 10027 12.2256
10027 10022 12.2256
10027 10031 6.7617
10027 10005 5.2794
10031 10027 6.7617
10031 10032 0.7434
10031 7814 4.3839
10032 10031 0.7434
10032 10060 2.9169
10032 10054 7.6185
10037 10009 3.8331
10037 9983 9.0135
10037 3317 3.2229
10053 4176 22.6008
10054 10059 15.2271
10054 10032 7.6185
10054 11297 6.7329
10059 10054 15.2271
10060 10032 2.9169
10062 9999 2.1393
10063 9998 6.3486
10063 9979 5.3082
10063 10070 2.3769
10070 10063 2.3769
10073 3921 4.851
10082 10086 2.7666
10082 8932 3.681
10086 8915 1.5507
10103 10106 1.4466
10103 10082 2.7963
10106 8915 1.4478
10121 9659 13.4622
10130 5811 15.4539
10130 686 7.3863
10142 10525 11.5686
10142 643 15.0702
10142 10529 2.1936
10144 10145 20.9403
10144 3497 29.0061
10144 6463 43.3476
10145 10144 20.9403
10145 467 17.787
10145 3487 17.6556
10146 1899 20.4705
10146 3493 25.5294
10146 3499 24.4251
10149 818 1.89585
10149 907 19.8257
10149 8144 8.2968
10149 643 10.452
10155 11328 4.07655
10159 1357 19.5525
10159 1359 16.5069
10159 11287 65.9448
10160 5471 9.0414
10160 4224 6.7194
10161 5471 12.3975
10165 6159 12.5046
10228 8800 15.0471
10228 2618 5.0676
10228 2607 4.8516
10238 1482 10.5084
10238 4739 10.5462
10238 10513 6.8049
10269 941 21.0276
10269 874 10.1117
10275 10276 13.497
10276 6729 11.499
10276 8433 7.4475
10282 10283 12.777
10283 8044 5.991
10283 10275 3.264
10304 11429 2.6742
10382 182 24.4692
10400 6130 13.7016
10400 2878 7.6869
10401 6573 1.1061
10401 2865 3.1455
10402 6793 1.017
10402 2940 8.9424
10411 9459 2.0259
10411 1157 28.8423
10434 1900 5.022
10434 8429 4.8789
10435 1865 4.8285
10435 8431 4.6332
10442 3397 11.448
10442 5086 7.6248
10442 499 22.7727
10448 2557 13.6089
10448 7584 17.2806
10453 6163 6.43185
10453 96 24.0039
10457 423 2.70855
10463 362 5.5116
10463 1213 3.987
10476 5547 8.4324
10476 4733 5.487
10501 5281 7.0986
10510 8147 8.7588
10512 906 26.0055
10513 10238 6.8049
10518 614 4.0959
10518 10521 1.4202
10518 10562 4.8069
10521 9657 11.6685
10521 10518 1.4202
10525 10142 11.5686
10529 10142 2.1936
10529 476 18.1656
10529 6469 16.2675
10529 6349 5.0922
10561 6364 12.0168
10561 614 6.1155
10561 10562 4.0383
10562 10561 4.0383
10562 10518 4.8069
10562 10653 3.6099
10563 8160 3.7422
10563 10564 13.6728
10563 10565 9.6174
10564 10563 13.6728
10564 8158 0.5526
10564 640 6.2946
10565 10563 9.6174
10573 6364 20.0925
10576 613 6.7203
10577 2699 2.82105
10577 1922 3.06585
10577 3447 51.2496
10582 10583 14.7933
10582 636 10.134
10582 8157 2.9313
10583 10582 14.7933
10614 6254 5.7258
10614 1363 12.1959
10643 8240 7.3698
10643 359 9.0621
10649 400 2.5824
10649 414 13.4892
10650 9658 17.9946
10653 10562 3.6099
10667 835 3.3201
10674 4249 5.2524
10675 10676 3.1896
10675 4259 4.353
10676 10679 2.544
10676 12487 2.0274
10679 7231 20.3766
10685 519 4.9914
10685 1934 3.0234
10711 4574 6.6015
10718 10711 1.64475
10718 3897 11.0907
10722 2651 6.432
10723 10722 14.5452
10724 3176 2.574
10724 10723 0.378
10743 5583 8.4186
10743 4862 9.0138
10747 4288 2.8683
10747 1402 0.66
10760 6471 18.8019
10760 1408 12.9186
10760 5237 44.0145
10760 2337 5.6622
10772 5261 16.8534
10772 7570 10.9818
10777 7614 1.8081
10777 2955 31.8852
10786 10791 1.8018
10786 10795 20.4435
10791 10777 1.7946
10795 10799 9.1017
10795 11101 1.4184
10799 10862 13.4676
10799 11098 1.6236
10862 2406 13.4379
10862 10799 13.4676
10862 11103 1.6524
10893 8033 1.1709
10893 489 4.4649
10917 2383 52.7364
10918 6470 20.3445
10918 2459 29.9493
10918 6366 15.0084
10957 2283 5.0481
10972 7595 13.3533
10972 6456 27.6525
10972 5281 4.4658
10980 4362 1.8198
10980 10981 4.9203
10980 10983 5.6781
10980 10988 7.9182
10981 10980 4.9203
10983 10980 5.6781
10983 4357 7.6626
10983 10988 2.2869
10988 10980 7.9182
10988 10989 7.5402
10988 10983 2.2869
10989 10988 7.5402
10989 4357 3.0033
10989 6677 18.8091
11019 2126 10.17
11019 11020 9.0666
11019 6024 16.7184
11020 11019 9.0666
11020 2441 8.5131
11020 11088 7.7103
11040 7583 9.61245
11063 1714 6.51195
11063 1126 19.7064
11067 2920 18.7965
11067 1091 26.0478
11067 5370 12.9348
11072 6563 6.68475
11072 1966 6.6609
11072 5087 9.3276
11085 2850 3.2688
11088 11020 7.7103
11098 11101 9.1719
11098 10799 1.6236
11098 8367 17.856
11101 10791 20.5443
11101 10795 1.4184
11103 10862 1.6524
11193 11194 6.1281
11193 11203 4.7277
11193 7250 1.8846
11194 11193 6.1281
11194 11195 3.4254
11194 12182 4.3632
11195 11194 3.4254
11195 11198 7.7148
11195 11855 14.2326
11198 11195 7.7148
11198 11199 6.1542
11198 12314 8.8371
11198 12185 10.5237
11199 11198 6.1542
11199 9201 6.3774
11199 11858 13.8033
11200 11201 9.4068
11200 11854 2.7342
11200 11855 6.3324
11201 11200 9.4068
11201 11202 3.1464
11201 11203 2.52
11202 11201 3.1464
11203 11201 2.52
11203 11854 9.5427
11203 11193 4.7277
11217 283 5.37795
11217 3109 11.2163
11229 3164 6.1074
11229 11230 4.2597
11229 11233 10.2699
11230 11229 4.2597
11233 11229 10.2699
11234 8255 6.9345
11238 130 8.9721
11238 134 7.3044
11262 4799 15.6987
11287 10159 65.9448
11297 10054 6.7329
11328 349 3.2094
11328 7677 6.6519
11328 2817 6.276
11342 581 13.6698
11342 8468 2.9652
11384 11387 13.0266
11384 11402 8.001
11387 5936 3.7098
11387 1569 11.0808
11398 11591 5.6385
11398 11592 2.85345
11399 1355 3.4128
11402 11404 13.6098
11404 11402 13.6098
11404 1576 12.5127
11404 11387 7.9542
11408 6414 11.5182
11408 8693 5.3568
11422 1347 9.8163
11429 8967 36.7002
11429 12258 26.4414
11552 11399 7.46775
11590 11591 2.99835
11590 11592 3.6171
11591 6412 15.0988
11592 11816 14.9071
11648 1895 3.0852
11648 581 4.5174
11657 1504 3.45465
11657 7202 6.183
11740 4140 10.9794
11740 6250 6.993
11805 1513 4.1028
11805 11815 4.0836
11815 11590 11.1384
11816 9493 5.06205
11816 11552 4.8249
11851 1303 3.7053
11851 9544 3.3615
11853 7239 6.1713
11853 11854 1.566
11853 12352 8.9928
11854 11853 1.566
11854 11200 2.7342
11854 11203 9.5427
11855 11200 6.3324
11855 11856 0.5229
11855 11195 14.2326
11856 11855 0.5229
11856 11858 13.014
11856 12352 19.1664
11858 11856 13.014
11858 3452 7.8138
11858 11199 13.8033
11884 4959 16.1991
11895 7094 1.6479
11895 1795 10.2771
11895 9500 17.4978
11906 3889 0.4266
11906 1601 10.2388
11919 11923 21.243
11923 4494 22.5006
11923 12258 1.9542
11923 12254 7.5015
11931 5854 4.7889
11940 11941 3.8736
11940 11942 3.0672
11941 11942 4.2066
11941 7282 5.2029
11942 1432 10.7829
12005 3344 14.7564
12005 4658 15.8445
12005 3318 17.5428
12061 4799 15.3567
12067 2587 2.9241
12087 9247 13.4802
12094 9247 2.808
12098 807 16.1073
12169 2281 9.85005
12169 2253 13.4082
12169 12171 2.1609
12171 2249 19.5282
12171 2104 3.9069
12171 12169 2.1609
12177 7258 13.0077
12177 12182 5.2947
12177 12325 10.4499
12182 12177 5.2947
12182 11194 4.3632
12182 7254 6.1182
12185 11198 10.5237
12185 12186 3.9069
12185 12188 6.3126
12186 12185 3.9069
12186 12187 2.7351
12186 12319 6.9138
12187 12186 2.7351
12188 12185 6.3126
12188 12190 6.9552
12188 12319 3.7026
12188 12325 8.1009
12190 12188 6.9552
12190 12193 4.5531
12190 12194 4.2732
12191 12315 6.5097
12193 12190 4.5531
12193 12325 3.2931
12193 8338 8.2404
12194 12190 4.2732
12194 12196 5.6043
12194 12316 7.3503
12196 12194 5.6043
12196 12315 2.934
12196 12317 6.2388
12207 12208 1.3887
12207 12212 8.6823
12207 12340 3.0051
12208 12207 1.3887
12208 12217 8.5563
12208 8343 6.219
12212 12207 8.6823
12212 7236 19.6119
12212 8342 3.5784
12216 8345 2.556
12216 12217 5.3874
12216 1297 4.3245
12217 12216 5.3874
12217 12208 8.5563
12217 12305 6.0552
12224 1733 45.0999
12239 8664 32.5107
12248 61 1.90665
12248 6152 2.95245
12254 11923 7.5015
12258 3342 2.0112
12276 3538 3.336
12276 11919 2.8626
12305 12217 6.0552
12305 12306 5.9994
12305 1299 4.0581
12305 12340 6.795
12306 12305 5.9994
12306 12335 6.6411
12306 1301 3.8592
12314 11198 8.8371
12315 12196 2.934
12315 9207 2.6793
12315 12191 6.5097
12316 12194 7.3503
12316 12317 2.3256
12316 12319 1.4022
12317 12196 6.2388
12317 9204 2.2068
12317 12316 2.3256
12318 9209 13.7934
12319 12186 6.9138
12319 12316 1.4022
12319 12188 3.7026
12325 12188 8.1009
12325 12177 10.4499
12325 12193 3.2931
12327 3952 11.6199
12328 7249 25.1226
12328 1302 7.5303
12328 12335 8.5338
12335 12306 6.6411
12335 12328 8.5338
12335 12340 5.9598
12340 12207 3.0051
12340 12335 5.9598
12340 12305 6.795
12341 7260 6.3459
12342 7237 12.6072
12350 7250 1.5228
12350 12351 7.6635
12350 7249 4.1139
12351 12350 7.6635
12352 11856 19.1664
12352 12363 4.9455
12352 11853 8.9928
12363 12352 4.9455
12395 856 1.7982
12395 12396 11.0601
12395 849 47.9484
12396 12395 11.0601
12447 2730 20.1042
12447 12448 10.6479
12447 2929 11.0088
12448 12447 10.6479
12487 10679 6.036
12487 10675 2.7282
12487 3471 9.3879
12487 6790 6.3162
12487 7196 2.397
12503 9137 24.7437
12511 1961 4.869
12512 817 10.8396
12515 3891 3.5091
12521 3340 6.8004
12522 12523 1e+010
12523 12522 1e+010
12523 12524 1e+010
12524 12523 1e+010
12524 12525 1e+010
12524 12541 1e+010
12524 12540 1e+010
12529 12528 1e+010
12528 12529 1e+010
12528 12533 1e+010
12527 12526 1e+010
12527 12533 1e+010
12526 12527 1e+010
12526 12525 1e+010
12525 12526 1e+010
12525 12524 1e+010
12533 12527 1e+010
12533 12528 1e+010
12533 12534 1e+010
12533 12532 1e+010
12536 12535 1e+010
12535 12536 1e+010
12535 12534 1e+010
12534 12535 1e+010
12534 12533 1e+010
12532 12533 1e+010
12532 12531 1e+010
12531 12532 1e+010
12531 12530 1e+010
12530 12531 1e+010
12530 12537 1e+010
12538 12537 1e+010
12537 12538 1e+010
12537 12530 1e+010
12543 12542 1e+010
12542 12543 1e+010
12542 12541 1e+010
12541 12542 1e+010
12541 12524 1e+010
12540 12524 1e+010
12540 12539 1e+010
12539 12540 1e+010
