500

1 9 30.093
1 1328 3.9636
9 20 12.3054
9 1318 6.5988
9 941 22.2912
20 50 3.1656
20 1336 15.7674
21 1299 14.0459
21 33 12.0198
21 4171 3.58065
33 1010 20.187
33 158 42.3333
33 4171 11.4546
34 20 3.5688
34 1318 12.1872
50 59 4.1352
50 1460 33.4512
59 34 2.418
59 4728 33.5514
67 1 4.28895
67 946 6.46425
68 1234 34.9623
68 205 20.3427
68 5663 28.4778
71 74 18.0864
71 5429 15.5934
71 92 4.0128
74 80 23.5809
74 1921 23.7924
74 90 6.8031
80 82 11.5029
80 84 7.8147
80 3526 20.502
82 1080 10.0539
82 83 4.1742
83 84 12.0546
83 1499 9.49455
83 82 4.1742
84 90 23.508
84 1496 20.8422
84 80 7.8147
90 92 18.549
90 74 6.8031
90 1490 24.2406
92 71 4.0128
92 1484 17.7918
93 94 16.1721
93 2338 4.6413
94 93 16.1721
94 1590 0.723
94 724 6.97212
95 98 22.3524
95 4959 1.1826
98 2868 28.9512
98 112 56.178
98 1593 31.086
98 4959 22.3686
112 115 3.6207
112 1667 4.5027
115 3511 1.9701
115 1667 4.5396
115 2609 1.0638
115 2615 2.5614
115 1297 6.5628
116 119 21.8997
116 1613 4.8249
116 4588 6.5601
119 116 21.8997
119 120 1.3806
119 1372 36.1881
120 119 1.3806
120 126 39.8673
120 2881 8.4654
126 120 39.8673
126 2179 32.7336
126 135 48.9789
126 6344 8.9838
135 126 48.9789
135 140 29.2932
135 162 19.4085
135 2833 54.2448
140 135 29.2932
140 1116 38.7504
140 5666 54.1881
140 6348 22.9923
152 153 0.44388
152 1242 1.86624
153 3539 11.8791
153 5391 1.01952
154 156 3.276
154 727 27.5391
156 1308 2.811
156 725 19.677
157 158 19.1898
157 2551 15.1069
157 946 9.43965
158 157 19.1898
158 160 30.2517
158 33 42.3333
158 4602 29.3544
160 158 30.2517
160 161 23.5269
160 1608 29.367
160 1010 45.6318
161 160 23.5269
161 162 0.9603
161 4699 19.3403
162 161 0.9603
162 135 19.4085
162 6348 11.7922
168 4686 8.62956
169 1240 1.28052
175 176 0.954
175 205 14.1444
176 175 0.954
176 1054 29.0916
176 6385 28.7006
189 191 13.419
189 1614 0.25812
189 2304 44.577
191 189 13.419
191 1098 19.158
191 968 7.9212
193 195 1.7136
193 2393 7.8057
195 938 8.9352
195 4516 5.36004
197 940 7.8012
197 4516 5.9652
197 4520 11.5785
198 204 29.3472
198 454 40.8276
198 1054 34.9434
204 198 29.3472
204 205 0.9729
204 176 14.188
205 204 0.9729
205 68 20.3427
205 1239 13.7239
209 3762 207.125
209 1405 104.46
209 841 67.9338
216 218 48.7512
216 5666 31.9266
216 5736 38.1375
216 2836 24.7077
218 216 48.7512
218 222 35.5923
218 2836 63.8109
218 5739 34.8948
222 218 35.5923
222 1439 23.0274
222 1961 12.0217
224 2389 17.3082
224 227 18.8046
224 2179 21.3888
227 224 18.8046
227 233 15.5349
227 2836 31.4577
233 227 15.5349
233 2179 20.358
233 2833 29.0556
262 2514 42.4854
262 4843 72.5904
262 3926 36.315
263 1417 17.2881
263 294 50.2632
263 432 2.0727
272 2138 40.6242
272 1643 35.9901
272 2781 45.0612
274 1130 45.0261
274 303 49.8996
274 716 60.3072
288 294 11.1447
288 1130 14.2335
288 2132 15.3846
294 288 11.1447
294 263 50.2632
294 2132 12.2301
303 309 46.3725
303 2781 6.7455
303 274 49.8996
309 303 46.3725
309 331 94.1526
309 646 69.4809
331 2717 177.515
331 2816 16.5758
331 309 94.1526
331 628 32.6115
412 1668 136.31
412 431 68.8824
412 2686 113.66
412 466 134.05
431 412 68.8824
431 2717 63.2682
431 949 9.1206
432 1650 12.8371
432 452 92.5857
432 263 2.07135
452 1345 17.4564
452 432 92.5857
452 1668 42.1605
454 458 54.0693
454 1116 22.2678
454 198 40.8276
454 1240 31.131
458 454 54.0693
458 462 44.9172
458 5726 22.3812
458 6286 90.5301
462 458 44.9172
462 464 7.5807
462 5736 38.2374
464 462 7.5807
464 3089 14.3636
464 3289 21.9438
466 3298 38.5182
466 1708 11.0547
466 3289 95.6646
466 412 134.05
515 1878 200.875
515 1541 30.1343
516 522 10.4058
516 2599 3.7539
522 516 10.4058
522 2885 18.517
522 2610 8.5932
524 1889 10.8816
524 5551 77.7645
524 537 43.326
524 1500 13.305
537 524 43.326
537 1170 5.4918
537 1506 7.8984
545 4139 108.962
545 995 13.3425
545 1008 27.8937
546 551 38.6883
546 4636 18.0787
546 4070 37.0269
551 546 38.6883
551 567 131.629
551 4138 84.2499
567 551 131.629
567 3898 65.8737
567 3413 48.0497
569 576 28.5849
569 3173 31.6179
569 3194 28.2042
576 569 28.5849
576 581 29.1123
576 2375 25.4322
581 576 29.1123
581 582 9.711
581 6085 57.9827
582 588 14.9063
582 927 3.6351
582 581 9.711
588 589 0.6606
588 2375 4.1391
589 3577 0.97668
609 1178 12.4812
609 2800 187.11
609 655 26.2992
628 331 32.5935
628 646 50.6997
628 2800 19.5228
646 655 42.2609
646 309 69.4809
646 628 50.7415
655 2502 54.1992
655 4843 20.7729
655 646 42.2388
655 609 26.2764
657 3898 18.8194
657 683 79.7106
657 4391 159.722
683 2325 46.3824
683 4138 74.9349
683 657 80.052
683 4434 84.4074
716 274 60.3072
716 2474 12.3174
716 2502 38.8758
716 4805 35.2044
719 724 19.2204
719 2337 3.1959
724 719 19.2204
724 153 2.13444
725 727 11.1492
725 5429 4.4886
725 156 19.677
727 729 19.7541
727 154 27.5391
727 1921 6.2208
729 730 10.4742
729 5426 5.9805
729 3523 14.9319
730 731 10.593
730 925 8.7648
730 1885 3.9588
731 733 18.8973
731 5395 5.9031
733 2304 24.3459
733 3538 6.048
733 1098 85.815
736 83 14.4513
736 4149 18.9072
738 739 1.2321
739 738 1.2321
739 839 380.501
739 3809 29.3731
839 739 380.501
839 840 1.3734
839 3980 5.5656
840 839 1.3734
840 3808 8.49024
841 2981 29.3166
841 862 43.1447
841 6214 31.288
841 209 67.9338
862 841 43.1447
862 5018 63.0882
862 1148 173.255
886 890 440.541
886 2025 4.716
890 886 440.541
890 891 0.8766
891 890 0.8766
891 2070 52.7319
892 894 3.15405
892 1410 0.8964
894 906 19.9768
906 1410 23.4504
906 4636 4.85865
907 918 7.5432
918 925 8.511
918 731 20.7369
925 730 8.7966
925 3525 8.5002
927 582 3.6351
927 1308 70.635
936 3826 71.6892
936 3173 21.0209
936 978 34.6941
938 940 6.4233
938 1405 36.7938
940 197 7.8012
940 938 6.4197
941 946 37.2105
941 9 22.2912
941 2427 32.9067
946 941 37.2105
946 157 9.43965
946 67 6.46425
949 2683 30.8034
949 431 9.1206
949 3348 12.324
952 1396 17.4303
952 977 18.0792
955 1110 8.5836
955 959 9.8124
955 1112 29.7297
959 50 15.6876
959 1336 1.7973
966 968 0.82692
966 4050 1.2924
968 4050 1.509
968 1084 0.38268
977 1033 5.40108
978 4552 11.1276
978 990 28.7676
978 936 34.9641
990 978 28.7676
990 4552 13.0782
990 995 12.7791
990 1500 59.8932
995 990 12.7791
995 545 13.3425
995 5551 109.337
1008 545 27.8937
1008 4585 12.6738
1008 4098 19.4886
1010 1016 43.8165
1010 4700 15.7194
1010 160 45.6318
1010 33 20.22
1016 1019 19.8864
1016 1599 23.8131
1016 1601 21.4155
1019 1025 46.8486
1019 2857 21.2778
1019 4587 23.5458
1025 2349 19.9899
1025 4149 19.0242
1025 4715 23.7294
1027 977 4.13352
1027 3016 18.3996
1033 3260 3.5847
1033 4647 2.79072
1037 3826 66.735
1037 2109 6.156
1038 1047 8.30988
1047 2311 0.3222
1048 1038 26.3984
1050 1668 52.4142
1050 3089 8.79345
1054 176 29.0916
1054 1067 66.2499
1054 198 34.9434
1054 3048 74.709
1067 1054 66.2499
1067 6286 2.2167
1068 1071 16.5771
1068 2516 12.6534
1068 3344 14.8122
1071 1461 19.611
1071 1475 19.9008
1080 1081 5.29515
1080 3526 10.4373
1080 1885 4.797
1080 82 10.0539
1081 3539 9.46035
1081 736 29.4084
1081 1080 5.427
1084 1048 6.33744
1084 927 11.902
1098 191 19.158
1098 1109 35.4264
1098 733 85.815
1109 1098 35.4264
1109 907 4.2
1110 955 8.5836
1110 1134 31.8753
1110 2427 20.1228
1112 1113 2.2428
1112 955 29.7297
1113 1445 17.0721
1113 1132 1.0431
1113 1134 8.199
1116 140 38.7504
1116 5726 36.0402
1116 454 22.2678
1116 5883 18.639
1130 274 45.0261
1130 2486 26.703
1130 288 14.2335
1132 1113 1.0431
1132 1112 2.2869
1134 1113 8.199
1134 1184 79.0983
1134 1110 31.8753
1148 1156 23.6736
1148 4763 48.5532
1148 3048 89.4108
1148 862 173.255
1156 1148 23.6736
1156 1708 77.5881
1156 1731 92.9358
1170 537 5.4918
1170 1506 7.2378
1170 3834 33.6663
1178 1182 75.7665
1178 609 12.4572
1178 1251 24.7776
1182 1178 75.7665
1182 1251 39.9366
1182 1291 17.3538
1184 2083 21.5832
1184 1134 79.0983
1184 2168 10.5012
1223 3033 15.8483
1223 2126 11.3304
1227 1229 3.7638
1227 152 1.026
1229 2383 5.01372
1229 1241 3.249
1230 1232 1.40652
1230 2059 11.777
1232 1233 1.53936
1232 1882 1.089
1233 1241 5.86296
1234 1239 22.3983
1234 1602 24.5043
1234 68 34.9623
1239 1234 22.3983
1239 1240 0.9576
1239 168 1.28412
1240 1239 0.9576
1240 204 13.6969
1240 454 31.131
1241 152 2.79648
1241 1242 8.4123
1242 1590 7.24212
1242 724 1.2906
1251 1182 39.9366
1251 1178 24.7722
1251 1289 126.073
1251 3117 12.7314
1289 1251 126.073
1289 3349 21.6378
1291 1182 17.3538
1292 1297 13.2561
1292 115 4.158
1297 4527 11.9745
1299 1303 23.8914
1299 21 14.0085
1299 1598 10.2645
1303 1299 23.8914
1303 1734 39.1059
1303 1496 81.6903
1308 154 4.752
1308 927 70.635
1308 156 2.811
1318 1328 30.5184
1318 1734 51.8418
1318 9 6.5988
1328 21 1.6767
1329 95 7.0065
1329 3319 0.30168
1329 3872 0.50544
1336 959 1.7973
1336 955 9.7602
1345 452 17.4564
1345 1050 9.4113
1351 1109 4.7592
1351 907 4.818
1355 2840 21.8142
1359 1365 4.377
1359 5498 2.1762
1365 2868 13.8324
1365 5498 4.2774
1366 1368 1.1889
1368 1372 2.2545
1368 120 35.4294
1372 1376 2.0205
1376 2176 4.2453
1376 2178 2.2788
1377 1355 7.39656
1377 1519 10.884
1380 1384 3.5307
1380 892 1.9845
1384 2840 13.8084
1385 1396 20.4372
1385 2900 4.6638
1396 6181 51.1844
1405 938 36.7938
1405 209 104.46
1405 3751 16.0638
1410 1384 3.7053
1410 1519 2.6253
1410 3033 10.98
1417 1418 1.77345
1417 1953 22.7142
1418 1419 1.69695
1419 1420 6.6285
1419 2017 10.0314
1420 1424 21.3399
1424 5739 26.466
1424 222 17.4231
1424 5747 7.1802
1424 1969 21.3534
1439 224 21.555
1439 2392 2.63025
1439 2862 37.6002
1439 222 23.1372
1441 1443 5.9445
1441 1067 5.1066
1443 1441 5.9445
1443 464 51.3265
1443 3298 3.62115
1445 1457 28.7703
1445 1461 1.1268
1445 2516 21.2436
1457 1476 24.1155
1457 2168 66.483
1460 1475 7.614
1460 2149 5.9634
1461 1445 1.1268
1461 1071 19.611
1461 1132 17.1927
1475 1071 19.9008
1475 1460 7.614
1475 1068 24.7932
1476 1457 24.1155
1476 2168 63.8742
1476 2516 12.3084
1484 1490 17.8596
1484 92 17.7918
1484 4590 14.8812
1490 1496 23.3883
1490 90 24.2406
1490 1933 23.8077
1496 1499 13.3263
1496 1303 81.6903
1496 84 20.8422
1499 4149 16.8741
1499 2855 22.1922
1499 83 9.49455
1500 524 13.5804
1500 1506 39.5973
1500 990 59.9556
1506 1500 39.5973
1506 1170 7.2378
1506 537 7.8984
1519 3951 19.3167
1520 1521 26.5219
1520 2022 7.20936
1521 1520 26.5219
1521 1524 6.237
1524 1521 6.237
1524 4036 1.48572
1541 2683 115.71
1541 2626 31.3672
1541 515 30.1608
1572 2017 14.211
1573 7097 8.2872
1573 3172 5.6718
1588 1572 19.8891
1588 4461 13.8541
1590 94 0.723
1590 1593 16.7154
1590 2883 7.21332
1593 1590 16.7154
1593 98 31.0698
1593 1882 22.9995
1593 2885 31.3749
1598 1599 20.2059
1598 1299 10.2645
1598 2855 10.0566
1599 1598 20.2059
1599 1016 23.8131
1599 33 50.1813
1601 1016 21.4155
1601 4708 2.2824
1602 1608 43.0965
1602 4687 15.9306
1602 1234 24.5043
1602 2071 20.121
1608 1602 43.0965
1608 160 29.367
1608 4689 23.6034
1608 4602 30.0465
1609 1613 25.8471
1609 6333 7.6941
1609 2885 18.2655
1613 1609 25.8471
1613 116 4.8249
1613 4524 36.7524
1614 1618 3.71808
1614 189 0.25812
1618 966 0.72648
1624 2126 2.5434
1643 1650 15.0939
1643 272 35.9901
1643 2817 40.3024
1650 432 12.821
1650 2138 20.7288
1650 1643 15.0827
1667 3511 4.9779
1667 115 4.5396
1667 2862 45.5904
1668 452 42.1605
1668 1050 52.4142
1668 412 136.31
1668 3089 68.5638
1708 1156 77.5881
1708 466 11.0547
1708 4763 106.586
1731 1156 92.9358
1731 3048 10.7874
1731 1443 39.7643
1734 1318 51.8418
1734 1303 39.1059
1734 4728 16.3152
1877 2018 4.6944
1878 3348 41.7015
1878 2683 21.7737
1878 515 200.875
1882 1593 22.9995
1885 730 3.9588
1885 5426 10.5462
1885 1080 4.797
1889 1892 6.1482
1889 2125 28.6902
1892 3474 2.3616
1892 1910 4.7889
1910 3030 10.1496
1913 1359 13.1738
1921 727 6.2208
1921 74 23.7924
1921 5429 12.6585
1933 1490 23.8077
1933 4590 22.5378
1953 3172 4.9536
1961 1424 5.3154
1961 5747 10.1664
1969 1588 6.18795
1969 1953 8.86815
1999 1418 27.0783
1999 4461 8.22735
2017 3105 14.2358
2018 2022 0.78084
2018 2408 0.73584
2022 1520 7.20936
2022 2408 0.66708
2025 2026 0.2592
2026 1877 1.91556
2034 886 5.0274
2034 2025 1.04256
2051 2059 3.8394
2059 2051 3.8394
2059 1230 11.777
2059 4535 6.09588
2070 2034 2.39616
2071 5663 27.3263
2071 2083 22.629
2071 2551 24.3113
2071 1602 20.2374
2083 1184 21.5832
2083 2427 34.3932
2083 2071 21.7794
2096 2626 214.357
2109 2111 9.468
2109 1229 6.9939
2111 1227 2.80944
2111 6326 1.0134
2123 5766 16.188
2125 1913 7.5672
2126 894 5.9157
2126 892 3.3882
2132 294 12.2301
2132 2138 19.377
2132 288 15.3846
2138 2132 19.377
2138 1650 20.7288
2138 272 40.6242
2149 1460 5.9634
2149 59 33.5232
2149 3344 20.3406
2168 1457 66.483
2168 1184 10.3716
2168 1476 64.032
2176 2178 4.6827
2176 3512 21.2499
2178 2190 0.9009
2179 233 20.358
2179 126 32.9178
2179 2189 35.055
2179 224 21.5772
2189 2179 35.055
2189 1366 5.2227
2190 2189 4.635
2190 1366 2.376
2304 1037 9.6381
2304 6324 1.87704
2304 189 44.577
2311 890 53.514
2311 2070 1.3338
2318 2325 43.9578
2318 4070 30.2526
2318 4098 35.532
2325 2318 43.9578
2325 4098 51.5322
2336 94 6.94944
2336 2883 0.61695
2337 93 3.9645
2338 2349 9.4482
2338 2336 21.1662
2349 2356 6.5196
2356 3040 23.8113
2356 736 11.8458
2361 2337 4.5576
2361 719 2.8044
2375 576 25.4322
2375 3577 5.1057
2383 1233 3.3885
2383 1230 2.84508
2389 2392 7.3512
2389 1439 3.516
2392 1292 23.6066
2393 1027 11.6755
2408 1047 1.3428
2427 2083 34.2882
2427 1110 20.1228
2427 941 32.8734
2464 2474 16.362
2464 4805 17.1108
2464 3951 29.3864
2474 716 12.1518
2474 2486 20.5929
2474 2464 16.0398
2486 2493 14.5656
2486 1130 26.703
2493 2501 17.3569
2493 3363 69.516
2493 2474 34.3944
2501 1572 10.836
2501 7097 9.585
2502 716 38.904
2502 2514 42.3153
2502 655 54.192
2514 2502 42.3153
2514 4805 55.0944
2514 262 42.4854
2515 2516 1.2672
2516 1068 12.6708
2516 1461 20.7954
2516 1476 12.3084
2516 2515 1.2024
2551 2071 24.2577
2551 157 15.1069
2551 4602 12.2976
2598 2599 0.6939
2598 516 3.6495
2599 2600 15.4359
2599 4527 0.9531
2600 115 2.4255
2600 2609 2.8125
2609 522 8.57835
2610 2615 3.591
2610 115 1.2699
2615 98 56.4309
2626 1541 31.4059
2626 2096 214.357
2626 2717 23.4522
2683 949 30.8034
2683 1541 115.71
2683 1878 21.7737
2686 2717 19.4477
2686 412 113.66
2686 2736 24.4656
2717 2626 23.4531
2717 331 177.515
2717 2686 19.521
2717 431 63.2682
2736 2737 1.38375
2736 2819 1.4661
2736 2686 24.4264
2737 2736 1.38375
2737 2741 5.47245
2737 2819 2.6892
2741 2737 5.47245
2741 1643 33.9291
2781 272 45.0612
2781 2816 87.3756
2781 303 6.7455
2800 628 19.4981
2800 609 187.11
2816 2817 11.4205
2816 2781 87.3756
2816 331 16.5312
2817 2741 6.44535
2817 2819 1.97685
2817 2816 11.0929
2819 2817 1.97685
2819 2736 1.4661
2819 2737 2.6892
2833 135 54.2448
2833 2836 14.1363
2833 233 29.0556
2833 5666 29.4984
2836 2833 14.1363
2836 218 63.8109
2836 216 24.7077
2836 227 31.4577
2840 3396 17.4522
2855 2857 20.3535
2855 1598 10.0566
2855 1499 22.1922
2857 2855 20.3535
2857 1019 21.2778
2857 1599 20.1258
2862 2868 29.9214
2862 1667 45.5904
2862 5756 59.9391
2862 1439 38.3418
2868 98 28.9812
2868 1365 13.8204
2868 5766 40.272
2868 2862 29.8248
2881 4060 0.9468
2881 6343 16.0913
2883 2885 12.1527
2883 5834 0.53064
2885 522 18.5301
2885 1593 31.3749
2885 1609 18.2655
2885 5834 11.8283
2891 2900 17.0802
2891 3016 17.374
2900 193 12.3134
2949 841 31.2228
2949 6214 0.9486
2981 2891 51.179
2981 6181 0.8001
3016 5663 34.9574
3017 3025 15.8411
3017 5498 1.0566
3025 3030 18.3438
3025 3474 17.0232
3030 1223 32.1707
3033 3352 49.6321
3040 2361 4.7448
3040 3539 15.6429
3048 1731 10.6025
3048 3260 36.6493
3048 1148 89.4108
3048 1054 74.709
3089 3105 27.8091
3089 5474 39.9204
3089 464 14.0571
3089 1668 68.5638
3105 3116 14.0044
3105 5739 64.1052
3105 1345 9.6768
3116 1573 15.0962
3116 1420 13.6845
3117 1251 12.741
3172 2493 22.0361
3173 4035 12.1612
3173 569 31.6179
3173 936 21.0686
3194 569 28.2042
3194 3245 156.505
3194 3598 20.3976
3245 3194 156.505
3246 3249 2.2374
3246 3474 0.8946
3249 2125 8.2524
3260 7306 5.8392
3260 3263 3.76335
3260 6387 1.1277
3260 3048 36.7065
3263 1385 5.14116
3289 1443 29.3791
3289 466 95.6646
3298 1731 36.6709
3298 466 38.5182
3319 1329 0.30168
3319 3017 14.1394
3344 2149 20.3406
3348 1878 41.7015
3348 949 12.324
3348 4763 39.8172
3349 3358 32.6218
3349 3413 20.4561
3352 3413 19.7919
3358 3926 14.4284
3363 2493 69.516
3363 3373 31.5477
3363 5481 67.7241
3373 3363 31.5477
3373 3384 49.4199
3373 5751 69.5466
3384 3373 49.4199
3384 3396 44.9883
3384 5756 68.5674
3384 3951 35.6247
3396 3384 44.9883
3396 5766 45.4362
3396 1624 27.567
3413 567 48.0636
3413 3358 19.8576
3413 4843 34.7094
3474 1910 2.2374
3474 524 19.4268
3474 2123 1.0326
3474 3249 1.2264
3511 1439 28.2294
3512 2176 21.2499
3512 4523 2.835
3523 3525 5.8626
3523 729 14.9319
3525 1351 12.9414
3526 1080 10.4373
3526 80 20.502
3526 5426 7.263
3538 3539 7.0875
3538 733 6.048
3538 5395 18.9306
3539 3538 7.0875
3539 5391 11.7288
3539 3040 15.6429
3539 1081 9.4671
3577 4035 3.14712
3577 3173 11.7247
3578 4098 18.5064
3578 3598 109.513
3598 3642 179.362
3598 3578 109.513
3598 3194 20.3976
3642 3598 179.362
3751 3756 26.5662
3751 5051 0.684
3756 3762 11.577
3756 5051 26.58
3762 3808 28.3674
3762 3756 11.577
3762 209 207.125
3762 3981 10.821
3808 3762 28.3674
3808 3809 0.8358
3808 738 29.4703
3809 3808 0.8358
3809 839 8.38764
3826 936 71.8236
3826 3833 48.3831
3826 3872 15.5544
3826 1037 66.2796
3833 3834 0.9099
3834 3826 50.0976
3834 3833 0.9099
3834 1170 33.6663
3872 1329 0.50544
3872 4535 0.45252
3873 4588 1.0242
3874 4715 16.938
3875 3898 116.5
3898 3875 116.5
3898 567 65.8589
3898 657 18.8221
3926 262 36.315
3926 1377 35.4582
3951 2464 28.6411
3951 3384 35.6247
3951 1380 21.1671
3980 3981 0.9822
3980 4521 26.046
3981 3980 0.9822
3981 3762 10.821
3981 840 5.65776
4004 588 1.3932
4004 589 0.98316
4035 1618 3.159
4035 1614 3.21372
4036 4004 0.27756
4050 4421 0.24624
4051 119 8.2989
4051 2881 0.55368
4060 1601 2.2563
4060 4708 0.54576
4070 2318 30.2526
4070 546 37.0269
4070 4138 51.1362
4070 4139 1.8306
4098 2318 35.532
4098 1008 19.5399
4098 3578 18.5346
4098 683 97.0404
4138 4070 51.1362
4138 683 74.9349
4138 551 84.2499
4139 4070 1.8306
4139 545 108.962
4139 5551 78.3162
4149 1499 16.8741
4149 1025 19.0242
4149 2857 45.5445
4171 67 4.2957
4171 1 2.45205
4391 657 159.703
4421 1524 1.02312
4421 4036 1.54476
4434 683 84.4074
4461 263 7.37775
4516 197 5.9652
4516 4517 1.5309
4516 4520 4.41684
4517 4516 1.5309
4517 2393 8.22816
4520 197 11.5785
4520 4521 1.3995
4520 3981 25.9873
4521 4520 1.3995
4521 4517 4.55328
4523 2598 0.9603
4523 4524 4.3407
4524 2598 4.2138
4524 1613 36.7524
4527 4523 0.7209
4527 3512 2.817
4535 3826 15.54
4535 3872 0.45252
4535 2059 6.09588
4552 978 11.007
4552 4585 0.6552
4585 4552 0.6552
4585 990 13.044
4585 1008 12.1599
4587 1019 23.5458
4587 4588 0.9711
4587 3874 1.03248
4588 4587 0.9711
4588 4051 7.73928
4588 116 6.5601
4590 1484 14.8812
4590 4728 38.952
4602 158 29.3544
4602 1608 30.0465
4602 2551 12.2976
4636 906 4.85865
4636 546 18.0787
4636 5551 58.1796
4647 4648 0.3888
4648 175 28.0904
4648 6385 1.1133
4686 4687 0.4248
4686 1602 15.885
4687 4689 16.0564
4687 5719 0.6474
4689 161 11.7824
4689 6348 0.9621
4689 1608 23.6034
4699 4700 0.47376
4699 1010 15.7158
4700 4060 16.1219
4700 6343 0.6414
4708 4587 7.749
4708 4051 0.9549
4715 4716 3.99564
4715 1025 23.7294
4716 2336 0.52848
4716 2338 22.3065
4728 34 33.4068
4728 1734 16.3152
4728 4590 38.952
4763 1708 106.586
4763 3348 39.8172
4763 1148 48.5532
4805 2464 17.1108
4805 2514 55.0944
4805 716 35.2044
4843 3413 34.7211
4843 262 72.5904
4843 655 20.8656
4959 2051 13.5198
5018 862 63.0882
5018 7306 6.1632
5051 1405 16.0638
5051 3751 0.684
5391 1227 0.43056
5391 6326 2.81772
5395 1081 7.1784
5395 1885 10.5462
5426 1921 21.6783
5426 3526 7.263
5426 729 5.9805
5429 725 4.4886
5429 71 15.5934
5474 5739 32.0418
5474 3089 39.9204
5474 5736 11.0022
5481 5751 21.1416
5481 3363 67.7241
5481 1424 19.1034
5498 1365 4.2774
5498 3319 14.6081
5551 995 109.337
5551 4636 58.1796
5551 524 77.7645
5551 4139 78.3162
5663 2071 27.2223
5663 68 28.4778
5663 952 34.9956
5666 216 31.9266
5666 2833 29.4984
5666 140 54.1881
5666 5726 38.5146
5719 1116 18.558
5719 5883 0.42516
5726 5736 24.6096
5726 5666 38.5146
5726 1116 36.0432
5726 458 22.3812
5736 5474 10.5768
5736 216 38.1375
5736 5726 24.8004
5736 462 38.2374
5739 1424 26.3838
5739 218 34.8948
5739 5474 32.0064
5739 3105 64.1052
5747 5481 11.4276
5751 5756 31.8132
5751 3373 69.5466
5751 5481 21.1428
5756 5766 29.9064
5756 2862 59.9391
5756 5751 31.8126
5756 3384 68.5674
5766 2868 40.2594
5766 3246 16.1772
5766 3396 45.417
5766 5756 29.9076
5834 4716 0.63045
5834 6333 9.82944
5883 4686 0.6474
5883 169 8.67132
6085 581 58.028
6181 841 29.2788
6181 2981 0.8001
6214 2949 0.9486
6286 1441 3.4731
6286 458 90.5301
6324 2111 0.56772
6324 2304 1.87704
6326 3538 23.4936
6326 6324 0.62424
6333 3873 10.8331
6333 1609 7.6941
6343 6344 0.47412
6343 126 8.8836
6344 162 19.3716
6344 4699 0.642
6348 5719 16.0139
6348 140 22.9923
6348 4689 0.9621
6385 6387 0.3924
6385 3260 1.6056
6387 3263 2.96136
6387 4647 1.1448
7097 1999 1.6533
7306 5018 6.1632
7306 3260 6.2496
